-1.562377 53.807817
-1.562578 53.807866

-1.554711 53.807613
-1.554926 53.807634

-1.554926 53.807634
-1.554915 53.807660

-1.555058 53.804074
-1.554946 53.804074

-1.554946 53.804074
-1.554947 53.804646

-1.554947 53.804646
-1.554973 53.804638

-1.555344 53.804849
-1.555335 53.804747

-1.555335 53.804747
-1.555337 53.804634

-1.555337 53.804634
-1.555334 53.804071

-1.555334 53.804071
-1.555181 53.804071

-1.556291 53.805410
-1.556289 53.805399

-1.556054 53.805110
-1.556098 53.805114

-1.556098 53.805114
-1.556098 53.805232

-1.554422 53.804659
-1.554422 53.804779

-1.554422 53.804779
-1.554401 53.804780

-1.554401 53.804780
-1.554400 53.804787

-1.556024 53.805705
-1.556026 53.805809

-1.556026 53.805809
-1.556134 53.805909

-1.553554 53.805049
-1.553555 53.805083

-1.556450 53.806222
-1.556398 53.806540

-1.553925 53.805007
-1.554359 53.805007

-1.554359 53.805007
-1.554359 53.804969

-1.554359 53.804969
-1.554387 53.804970

-1.558447 53.807974
-1.558503 53.807848

-1.554985 53.806868
-1.554985 53.806964

-1.556667 53.807683
-1.556762 53.807581

-1.555314 53.806754
-1.555212 53.806754

-1.553092 53.806642
-1.552901 53.806640

-1.553971 53.806772
-1.554067 53.806811

-1.557267 53.810101
-1.557486 53.810234

-1.557558 53.809760
-1.557703 53.809637

-1.557559 53.807785
-1.557605 53.807712

-1.554640 53.809671
-1.554546 53.809735

-1.553391 53.807129
-1.553391 53.807237

-1.552699 53.807511
-1.552692 53.807246

-1.553391 53.806878
-1.553372 53.806791

-1.552282 53.804569
-1.552334 53.804409

-1.552950 53.804592
-1.552999 53.804489

-1.552821 53.804381
-1.552673 53.804381

-1.552673 53.804381
-1.552631 53.804438

-1.551629 53.805530
-1.551629 53.805543

-1.554584 53.805081
-1.554585 53.805090

-1.558053 53.806327
-1.558232 53.806369

-1.558232 53.806369
-1.558205 53.806408

-1.558078 53.806294
-1.558053 53.806327

-1.558053 53.806327
-1.557770 53.806260

-1.557472 53.807390
-1.557546 53.807266

-1.554587 53.806369
-1.554493 53.806511

-1.554469 53.805931
-1.554397 53.805929

-1.554456 53.806637
-1.554526 53.806635

-1.554574 53.807428
-1.554604 53.807332

-1.556347 53.807182
-1.556363 53.807154

-1.551925 53.805357
-1.551925 53.805337

-1.552476 53.805357
-1.552476 53.805335

-1.552468 53.805530
-1.552468 53.805557

-1.553038 53.805357
-1.553038 53.805334

-1.553034 53.805531
-1.553034 53.805561

-1.553572 53.805357
-1.553572 53.805334

-1.553569 53.805526
-1.553569 53.805567

-1.554313 53.805709
-1.554400 53.805709

-1.556367 53.806939
-1.556318 53.807032

-1.556815 53.807035
-1.556768 53.807101

-1.555776 53.806835
-1.555717 53.806940

-1.554188 53.805658
-1.554314 53.805658

-1.554456 53.806604
-1.554517 53.806599

-1.558721 53.803084
-1.558629 53.803237

-1.558629 53.803237
-1.558560 53.803378

-1.558560 53.803378
-1.558404 53.803683

-1.556371 53.810710
-1.556650 53.810858

-1.556650 53.810858
-1.556839 53.811000

-1.548899 53.806993
-1.548861 53.806970

-1.548861 53.806970
-1.548736 53.806895

-1.560578 53.810648
-1.560712 53.810541

-1.560712 53.810541
-1.560972 53.810480

-1.560972 53.810480
-1.561139 53.810491

-1.561139 53.810491
-1.561235 53.810524

-1.561235 53.810524
-1.561324 53.810554

-1.561324 53.810554
-1.561455 53.810687

-1.561455 53.810687
-1.561455 53.810818

-1.561455 53.810818
-1.561337 53.810943

-1.561337 53.810943
-1.561195 53.811000

-1.561195 53.811000
-1.560730 53.810992

-1.560730 53.810992
-1.560664 53.810936

-1.560664 53.810936
-1.560558 53.810819

-1.560558 53.810819
-1.560578 53.810648

-1.560972 53.810480
-1.560940 53.810354

-1.560940 53.810354
-1.560672 53.809620

-1.560672 53.809620
-1.560271 53.808770

-1.560271 53.808770
-1.560255 53.808742

-1.560255 53.808742
-1.560197 53.808632

-1.560197 53.808632
-1.560139 53.808496

-1.560139 53.808496
-1.560053 53.808454

-1.560053 53.808454
-1.559892 53.808259

-1.561195 53.811000
-1.561010 53.810745

-1.561010 53.810745
-1.560972 53.810480

-1.559842 53.808118
-1.559919 53.808144

-1.559919 53.808144
-1.559948 53.808186

-1.560722 53.811000
-1.560730 53.810992

-1.560271 53.808770
-1.559926 53.809085

-1.559926 53.809085
-1.559797 53.809125

-1.559797 53.809125
-1.559286 53.809520

-1.559286 53.809520
-1.558913 53.809969

-1.558913 53.809969
-1.558698 53.810266

-1.558698 53.810266
-1.558516 53.810373

-1.558516 53.810373
-1.558460 53.810513

-1.558460 53.810513
-1.558347 53.810635

-1.558347 53.810635
-1.557881 53.811000

-1.548927 53.802830
-1.549051 53.802724

-1.549051 53.802724
-1.549154 53.802636

-1.549154 53.802636
-1.549262 53.802569

-1.564000 53.809387
-1.563773 53.809319

-1.563773 53.809319
-1.563584 53.809251

-1.563584 53.809251
-1.563416 53.809171

-1.563416 53.809171
-1.563089 53.809008

-1.563089 53.809008
-1.562402 53.808747

-1.562402 53.808747
-1.561803 53.808547

-1.561803 53.808547
-1.561526 53.808462

-1.561526 53.808462
-1.561051 53.808331

-1.556796 53.803529
-1.556635 53.803584

-1.556635 53.803584
-1.556471 53.803600

-1.556471 53.803600
-1.555910 53.803576

-1.555910 53.803576
-1.554796 53.803574

-1.554796 53.803574
-1.553353 53.803587

-1.553353 53.803587
-1.552762 53.803589

-1.552762 53.803589
-1.552217 53.803603

-1.552217 53.803603
-1.551846 53.803605

-1.551846 53.803605
-1.551192 53.803605

-1.551192 53.803605
-1.550845 53.803563

-1.559367 53.803188
-1.559198 53.803467

-1.559198 53.803467
-1.559294 53.803550

-1.559294 53.803550
-1.560470 53.804013

-1.560470 53.804013
-1.560506 53.804100

-1.560506 53.804100
-1.560499 53.804222

-1.560499 53.804222
-1.560299 53.804401

-1.562136 53.803341
-1.561819 53.803164

-1.561819 53.803164
-1.561540 53.803079

-1.561540 53.803079
-1.560796 53.802925

-1.560796 53.802925
-1.560578 53.802869

-1.560578 53.802869
-1.560114 53.802777

-1.560114 53.802777
-1.559374 53.802659

-1.559374 53.802659
-1.559095 53.802625

-1.559095 53.802625
-1.558777 53.802597

-1.558777 53.802597
-1.558414 53.802554

-1.558414 53.802554
-1.558029 53.802533

-1.558029 53.802533
-1.557630 53.802531

-1.557630 53.802531
-1.557410 53.802558

-1.562136 53.803341
-1.560893 53.803761

-1.562136 53.803341
-1.562561 53.802891

-1.562561 53.802891
-1.563312 53.802146

-1.562402 53.808747
-1.563154 53.807775

-1.563154 53.807775
-1.563610 53.807188

-1.563610 53.807188
-1.564000 53.806690

-1.564000 53.802913
-1.563795 53.802734

-1.563795 53.802734
-1.563629 53.802559

-1.563629 53.802559
-1.563537 53.802440

-1.563537 53.802440
-1.563395 53.802267

-1.563395 53.802267
-1.563312 53.802146

-1.563312 53.802146
-1.563063 53.801811

-1.563063 53.801811
-1.562920 53.801639

-1.562920 53.801639
-1.562878 53.801600

-1.557170 53.802370
-1.556828 53.802525

-1.556828 53.802525
-1.556694 53.802578

-1.556694 53.802578
-1.556570 53.802621

-1.556570 53.802621
-1.556290 53.802725

-1.556290 53.802725
-1.555850 53.802880

-1.555850 53.802880
-1.555364 53.802931

-1.555364 53.802931
-1.554324 53.802952

-1.554324 53.802952
-1.553190 53.802966

-1.553190 53.802966
-1.552733 53.802974

-1.552733 53.802974
-1.552762 53.803589

-1.550433 53.811000
-1.550496 53.810274

-1.550496 53.810274
-1.550506 53.810157

-1.550506 53.810157
-1.550618 53.809920

-1.550618 53.809920
-1.550658 53.809837

-1.550658 53.809837
-1.550906 53.809567

-1.550906 53.809567
-1.550999 53.809475

-1.550999 53.809475
-1.551174 53.809352

-1.551174 53.809352
-1.551263 53.809296

-1.551263 53.809296
-1.551512 53.809142

-1.551512 53.809142
-1.552086 53.808797

-1.552086 53.808797
-1.552235 53.808718

-1.559823 53.805349
-1.558501 53.804849

-1.558501 53.804849
-1.558500 53.804845

-1.558500 53.804845
-1.557629 53.804548

-1.557629 53.804548
-1.557480 53.804530

-1.557480 53.804530
-1.557327 53.804544

-1.557327 53.804544
-1.556837 53.804730

-1.556837 53.804730
-1.556660 53.804777

-1.557903 53.804007
-1.558245 53.803634

-1.556837 53.804730
-1.556858 53.804590

-1.556858 53.804590
-1.556948 53.804428

-1.556948 53.804428
-1.557403 53.803946

-1.557403 53.803946
-1.557825 53.804055

-1.557825 53.804055
-1.557903 53.804007

-1.558077 53.802960
-1.557778 53.803517

-1.557565 53.801832
-1.557632 53.801887

-1.557632 53.801887
-1.557792 53.802034

-1.557792 53.802034
-1.558026 53.802206

-1.558026 53.802206
-1.558414 53.802554

-1.555703 53.801600
-1.555704 53.801603

-1.551369 53.804228
-1.552153 53.803886

-1.552153 53.803886
-1.552823 53.803456

-1.552823 53.803456
-1.553408 53.802893

-1.553408 53.802893
-1.553941 53.802328

-1.553941 53.802328
-1.554137 53.802091

-1.554137 53.802091
-1.554394 53.801729

-1.554394 53.801729
-1.554458 53.801600

-1.546452 53.803199
-1.546381 53.803243

-1.546381 53.803243
-1.545850 53.803570

-1.545262 53.803171
-1.545850 53.803570

-1.545850 53.803570
-1.545355 53.803875

-1.545355 53.803875
-1.544647 53.803495

-1.544647 53.803495
-1.545262 53.803171

-1.544647 53.803495
-1.544437 53.803396

-1.546360 53.803130
-1.546071 53.803127

-1.546071 53.803127
-1.545502 53.802961

-1.546742 53.803464
-1.546642 53.803524

-1.546642 53.803524
-1.545413 53.804247

-1.544051 53.803598
-1.545306 53.804179

-1.545306 53.804179
-1.545413 53.804247

-1.552587 53.807116
-1.552510 53.807254

-1.552510 53.807254
-1.552419 53.807400

-1.552419 53.807400
-1.552335 53.807540

-1.552335 53.807540
-1.552200 53.807762

-1.552200 53.807762
-1.552115 53.807902

-1.552115 53.807902
-1.552272 53.807888

-1.552272 53.807888
-1.552436 53.807880

-1.551629 53.807211
-1.551929 53.807272

-1.551929 53.807272
-1.552007 53.807274

-1.552007 53.807274
-1.552181 53.807278

-1.552181 53.807278
-1.552281 53.807259

-1.552281 53.807259
-1.552397 53.807198

-1.552397 53.807198
-1.552587 53.807116

-1.547778 53.802263
-1.547896 53.802153

-1.547896 53.802153
-1.548242 53.801805

-1.547778 53.802263
-1.547554 53.802464

-1.547554 53.802464
-1.547160 53.802818

-1.547160 53.802818
-1.546991 53.802940

-1.546991 53.802940
-1.546793 53.803060

-1.546793 53.803060
-1.546749 53.803097

-1.546749 53.803097
-1.546518 53.803257

-1.547172 53.801969
-1.547623 53.802138

-1.547623 53.802138
-1.547760 53.802185

-1.547760 53.802185
-1.547778 53.802263

-1.547377 53.801600
-1.547376 53.801698

-1.547376 53.801698
-1.547365 53.801772

-1.547365 53.801772
-1.547285 53.801865

-1.547285 53.801865
-1.547172 53.801969

-1.547172 53.801969
-1.546459 53.802586

-1.549079 53.805525
-1.549368 53.805253

-1.549368 53.805253
-1.549393 53.805239

-1.549393 53.805239
-1.549420 53.805234

-1.552756 53.808915
-1.552476 53.808805

-1.552476 53.808805
-1.552235 53.808718

-1.561061 53.804705
-1.560299 53.804401

-1.560299 53.804401
-1.560184 53.804353

-1.560184 53.804353
-1.559920 53.804248

-1.559920 53.804248
-1.559584 53.804101

-1.559584 53.804101
-1.559297 53.803985

-1.559297 53.803985
-1.559111 53.803914

-1.559111 53.803914
-1.558879 53.803835

-1.558879 53.803835
-1.558622 53.803752

-1.558622 53.803752
-1.558404 53.803683

-1.558404 53.803683
-1.558245 53.803634

-1.558245 53.803634
-1.558002 53.803562

-1.564000 53.804511
-1.563759 53.804300

-1.563759 53.804300
-1.563528 53.804129

-1.563528 53.804129
-1.563075 53.803858

-1.563075 53.803858
-1.562618 53.803603

-1.562618 53.803603
-1.562136 53.803341

-1.564000 53.802913
-1.563075 53.803858

-1.560714 53.805577
-1.561481 53.805777

-1.561481 53.805777
-1.563303 53.806268

-1.563303 53.806268
-1.563695 53.806376

-1.563695 53.806376
-1.564000 53.806690

-1.554369 53.809073
-1.554500 53.808986

-1.554500 53.808986
-1.554576 53.808842

-1.554576 53.808842
-1.554698 53.808640

-1.554698 53.808640
-1.555314 53.808698

-1.557451 53.809603
-1.557476 53.809546

-1.557476 53.809546
-1.557543 53.809410

-1.557543 53.809410
-1.557597 53.809266

-1.557597 53.809266
-1.557637 53.809151

-1.557637 53.809151
-1.557655 53.809068

-1.557655 53.809068
-1.557649 53.808971

-1.557649 53.808971
-1.557602 53.808898

-1.557602 53.808898
-1.557558 53.808822

-1.557558 53.808822
-1.557507 53.808733

-1.557507 53.808733
-1.557429 53.808482

-1.557429 53.808482
-1.557393 53.808364

-1.557393 53.808364
-1.557345 53.808287

-1.557345 53.808287
-1.557287 53.808200

-1.557287 53.808200
-1.557216 53.808112

-1.557216 53.808112
-1.557145 53.808076

-1.557145 53.808076
-1.557143 53.808034

-1.556460 53.809439
-1.556488 53.809394

-1.556488 53.809394
-1.556538 53.809279

-1.556538 53.809279
-1.556542 53.809228

-1.556542 53.809228
-1.556518 53.809176

-1.556518 53.809176
-1.556503 53.809094

-1.556503 53.809094
-1.556503 53.809002

-1.556503 53.809002
-1.556527 53.808907

-1.556527 53.808907
-1.556564 53.808845

-1.556564 53.808845
-1.556614 53.808809

-1.556614 53.808809
-1.556673 53.808773

-1.556673 53.808773
-1.556752 53.808749

-1.556752 53.808749
-1.556836 53.808703

-1.556836 53.808703
-1.556915 53.808603

-1.556915 53.808603
-1.556955 53.808513

-1.556955 53.808513
-1.557039 53.808426

-1.557039 53.808426
-1.557085 53.808365

-1.557085 53.808365
-1.557111 53.808340

-1.557111 53.808340
-1.557107 53.808289

-1.557107 53.808289
-1.557093 53.808231

-1.557093 53.808231
-1.557107 53.808163

-1.557107 53.808163
-1.557145 53.808076

-1.558149 53.809702
-1.557995 53.809676

-1.557995 53.809676
-1.557703 53.809637

-1.557703 53.809637
-1.557451 53.809603

-1.557451 53.809603
-1.556614 53.809465

-1.556614 53.809465
-1.556460 53.809439

-1.556460 53.809439
-1.555582 53.809295

-1.555582 53.809295
-1.554974 53.809203

-1.554974 53.809203
-1.554663 53.809150

-1.554663 53.809150
-1.554501 53.809109

-1.554501 53.809109
-1.554369 53.809073

-1.554369 53.809073
-1.554290 53.809044

-1.554290 53.809044
-1.554091 53.808897

-1.554091 53.808897
-1.553937 53.808757

-1.553665 53.808889
-1.553684 53.808941

-1.553684 53.808941
-1.553676 53.809214

-1.554550 53.809600
-1.554399 53.809494

-1.553964 53.809354
-1.553787 53.809470

-1.557143 53.808034
-1.557188 53.807910

-1.557188 53.807910
-1.557167 53.807900

-1.557167 53.807900
-1.557057 53.807868

-1.557057 53.807868
-1.557091 53.807788

-1.557091 53.807788
-1.557117 53.807710

-1.557117 53.807710
-1.557045 53.807623

-1.556762 53.807581
-1.556811 53.807481

-1.556811 53.807481
-1.556754 53.807362

-1.556754 53.807362
-1.556820 53.807222

-1.552255 53.808247
-1.552013 53.808138

-1.552013 53.808138
-1.551734 53.807983

-1.551734 53.807983
-1.551455 53.807830

-1.551455 53.807830
-1.551182 53.807682

-1.551182 53.807682
-1.550903 53.807518

-1.550903 53.807518
-1.550656 53.807375

-1.550656 53.807375
-1.550397 53.807234

-1.550397 53.807234
-1.550158 53.807105

-1.550158 53.807105
-1.549922 53.806971

-1.549922 53.806971
-1.549697 53.806838

-1.549697 53.806838
-1.549476 53.806701

-1.549476 53.806701
-1.549032 53.806468

-1.552013 53.808138
-1.551897 53.808200

-1.551897 53.808200
-1.551804 53.808265

-1.551734 53.807983
-1.551194 53.808318

-1.551182 53.807682
-1.550749 53.807963

-1.550903 53.807518
-1.550469 53.807801

-1.550656 53.807375
-1.550237 53.807636

-1.550237 53.807636
-1.550134 53.807702

-1.550158 53.807105
-1.549715 53.807369

-1.550397 53.807234
-1.549938 53.807491

-1.549697 53.806838
-1.549293 53.807078

-1.549922 53.806971
-1.549495 53.807219

-1.551455 53.807830
-1.551043 53.808088

-1.564000 53.808049
-1.563758 53.808300

-1.563758 53.808300
-1.563509 53.808564

-1.563509 53.808564
-1.563089 53.809008

-1.563509 53.808564
-1.564000 53.808713

-1.553937 53.808757
-1.554026 53.808717

-1.554026 53.808717
-1.554048 53.808346

-1.554048 53.808346
-1.554048 53.808102

-1.560407 53.806112
-1.560043 53.805971

-1.560043 53.805971
-1.559744 53.805856

-1.559744 53.805856
-1.559553 53.805815

-1.559553 53.805815
-1.559231 53.805728

-1.559231 53.805728
-1.559077 53.805672

-1.559077 53.805672
-1.558765 53.805568

-1.558765 53.805568
-1.558413 53.805449

-1.558413 53.805449
-1.557895 53.805266

-1.557895 53.805266
-1.557233 53.805028

-1.557233 53.805028
-1.556660 53.804777

-1.561060 53.804877
-1.561252 53.804974

-1.559095 53.802625
-1.558813 53.801600

-1.562725 53.807013
-1.563014 53.806631

-1.563014 53.806631
-1.563303 53.806268

-1.563574 53.805909
-1.562432 53.805592

-1.562432 53.805592
-1.561712 53.805406

-1.562432 53.805592
-1.562593 53.805334

-1.562593 53.805334
-1.562645 53.805296

-1.562645 53.805296
-1.562711 53.805276

-1.562711 53.805276
-1.562772 53.805273

-1.562772 53.805273
-1.562852 53.805292

-1.562852 53.805292
-1.563283 53.805404

-1.563283 53.805404
-1.563389 53.805460

-1.563389 53.805460
-1.563477 53.805532

-1.563477 53.805532
-1.563552 53.805600

-1.563552 53.805600
-1.563611 53.805648

-1.563611 53.805648
-1.563682 53.805728

-1.563682 53.805728
-1.563686 53.805778

-1.563686 53.805778
-1.563574 53.805909

-1.563574 53.805909
-1.563303 53.806268

-1.555217 53.807386
-1.554977 53.807365

-1.554977 53.807365
-1.554604 53.807332

-1.554604 53.807332
-1.554250 53.807300

-1.554250 53.807300
-1.553391 53.807237

-1.553391 53.807237
-1.553234 53.807226

-1.553234 53.807226
-1.552692 53.807246

-1.552692 53.807246
-1.552510 53.807254

-1.559120 53.807640
-1.558598 53.807516

-1.558598 53.807516
-1.558124 53.807398

-1.558124 53.807398
-1.557622 53.807281

-1.557622 53.807281
-1.557546 53.807266

-1.557546 53.807266
-1.557118 53.807180

-1.558953 53.807901
-1.559120 53.807640

-1.559120 53.807640
-1.559731 53.806757

-1.559731 53.806757
-1.559871 53.806554

-1.559509 53.808018
-1.559253 53.807945

-1.559253 53.807945
-1.558953 53.807901

-1.558953 53.807901
-1.558678 53.807871

-1.558678 53.807871
-1.558503 53.807848

-1.558503 53.807848
-1.558377 53.807831

-1.558377 53.807831
-1.558097 53.807788

-1.558097 53.807788
-1.557734 53.807734

-1.557734 53.807734
-1.557605 53.807712

-1.557605 53.807712
-1.557282 53.807657

-1.557282 53.807657
-1.557045 53.807623

-1.557045 53.807623
-1.556901 53.807599

-1.556901 53.807599
-1.556762 53.807581

-1.556762 53.807581
-1.556629 53.807564

-1.556629 53.807564
-1.556278 53.807513

-1.556278 53.807513
-1.555888 53.807460

-1.555888 53.807460
-1.555602 53.807420

-1.555602 53.807420
-1.555378 53.807402

-1.555378 53.807402
-1.555217 53.807386

-1.557118 53.807180
-1.557745 53.806297

-1.557745 53.806297
-1.557770 53.806260

-1.557770 53.806260
-1.557904 53.806068

-1.557904 53.806068
-1.557987 53.805951

-1.557987 53.805951
-1.558041 53.805871

-1.558041 53.805871
-1.558203 53.805668

-1.558203 53.805668
-1.558413 53.805449

-1.556660 53.804777
-1.556359 53.804535

-1.556359 53.804535
-1.555903 53.804179

-1.555903 53.804179
-1.555966 53.803811

-1.559731 53.806757
-1.559236 53.806649

-1.559236 53.806649
-1.558787 53.806541

-1.558787 53.806541
-1.558746 53.806531

-1.558746 53.806531
-1.558674 53.806515

-1.558674 53.806515
-1.558231 53.806414

-1.558231 53.806414
-1.558205 53.806408

-1.558205 53.806408
-1.557745 53.806297

-1.556418 53.801600
-1.556401 53.801621

-1.556401 53.801621
-1.556375 53.801671

-1.557345 53.801600
-1.557565 53.801832

-1.557565 53.801832
-1.557190 53.801962

-1.557190 53.801962
-1.556817 53.802092

-1.555704 53.801603
-1.555957 53.801633

-1.555957 53.801633
-1.556375 53.801671

-1.556375 53.801671
-1.556410 53.801760

-1.556410 53.801760
-1.556499 53.801845

-1.556499 53.801845
-1.556595 53.801929

-1.556595 53.801929
-1.556817 53.802092

-1.556817 53.802092
-1.557170 53.802370

-1.557170 53.802370
-1.557410 53.802558

-1.557410 53.802558
-1.557664 53.802758

-1.557664 53.802758
-1.557809 53.802865

-1.557809 53.802865
-1.558077 53.802960

-1.549476 53.806701
-1.549195 53.806891

-1.561455 53.810687
-1.561010 53.810745

-1.561010 53.810745
-1.560558 53.810819

-1.560558 53.810819
-1.559286 53.811000

-1.564000 53.810290
-1.563505 53.810378

-1.563505 53.810378
-1.562368 53.810560

-1.562368 53.810560
-1.561455 53.810687

-1.550506 53.810157
-1.550025 53.810114

-1.550025 53.810114
-1.549755 53.810058

-1.549755 53.810058
-1.549520 53.809972

-1.549520 53.809972
-1.549334 53.809879

-1.549334 53.809879
-1.548706 53.809551

-1.548706 53.809551
-1.548504 53.809462

-1.548504 53.809462
-1.548292 53.809385

-1.548292 53.809385
-1.547886 53.809322

-1.547886 53.809322
-1.547589 53.809292

-1.547589 53.809292
-1.547352 53.809278

-1.547352 53.809278
-1.547062 53.809254

-1.547062 53.809254
-1.546430 53.809187

-1.546430 53.809187
-1.546221 53.809138

-1.546221 53.809138
-1.546096 53.809095

-1.549520 53.809972
-1.549422 53.810067

-1.549422 53.810067
-1.549286 53.810251

-1.549286 53.810251
-1.549152 53.810410

-1.549152 53.810410
-1.549142 53.810425

-1.549142 53.810425
-1.549129 53.810461

-1.549286 53.810251
-1.549866 53.810366

-1.549866 53.810366
-1.549989 53.810383

-1.549989 53.810383
-1.550041 53.810390

-1.549866 53.810366
-1.549763 53.810664

-1.550094 53.810687
-1.549763 53.810664

-1.549763 53.810664
-1.549628 53.810651

-1.549628 53.810651
-1.549584 53.810723

-1.549584 53.810723
-1.549456 53.810711

-1.549456 53.810711
-1.549475 53.810666

-1.549475 53.810666
-1.549233 53.810625

-1.549233 53.810625
-1.549078 53.810599

-1.548706 53.809551
-1.548525 53.809734

-1.548525 53.809734
-1.548482 53.809802

-1.548482 53.809802
-1.548475 53.809862

-1.548475 53.809862
-1.548516 53.809898

-1.548516 53.809898
-1.548576 53.809920

-1.548576 53.809920
-1.548672 53.809945

-1.548672 53.809945
-1.548761 53.809968

-1.548761 53.809968
-1.548941 53.810010

-1.548941 53.810010
-1.549064 53.810029

-1.544660 53.805765
-1.545485 53.806350

-1.547062 53.809254
-1.546975 53.809517

-1.546975 53.809517
-1.546857 53.809761

-1.546857 53.809761
-1.546841 53.809854

-1.546841 53.809854
-1.546869 53.809926

-1.546869 53.809926
-1.546890 53.809971

-1.546890 53.809971
-1.546913 53.810023

-1.546913 53.810023
-1.546964 53.810068

-1.546964 53.810068
-1.547039 53.810109

-1.547039 53.810109
-1.547283 53.810150

-1.547283 53.810150
-1.547457 53.810181

-1.546975 53.809517
-1.547411 53.809613

-1.547411 53.809613
-1.547511 53.809640

-1.547511 53.809640
-1.547559 53.809651

-1.547559 53.809651
-1.547592 53.809639

-1.547592 53.809639
-1.547608 53.809609

-1.547411 53.809613
-1.547507 53.809462

-1.547283 53.810150
-1.547360 53.810002

-1.546857 53.809761
-1.546806 53.809749

-1.546806 53.809749
-1.546749 53.809782

-1.546749 53.809782
-1.546345 53.810501

-1.546345 53.810501
-1.546408 53.810521

-1.546408 53.810521
-1.546449 53.810542

-1.546449 53.810542
-1.546465 53.810570

-1.546465 53.810570
-1.546477 53.810644

-1.546477 53.810644
-1.546639 53.810696

-1.546639 53.810696
-1.547179 53.810894

-1.547179 53.810894
-1.547314 53.810954

-1.546345 53.810501
-1.546245 53.810697

-1.544744 53.807653
-1.545066 53.807876

-1.545066 53.807876
-1.545375 53.808075

-1.545375 53.808075
-1.545540 53.808183

-1.545540 53.808183
-1.545774 53.808329

-1.545774 53.808329
-1.545916 53.808469

-1.545916 53.808469
-1.546028 53.808485

-1.546028 53.808485
-1.546106 53.808489

-1.546106 53.808489
-1.546216 53.808462

-1.546216 53.808462
-1.546355 53.808363

-1.546355 53.808363
-1.546511 53.808335

-1.546511 53.808335
-1.546660 53.808333

-1.546660 53.808333
-1.546786 53.808341

-1.546786 53.808341
-1.546903 53.808355

-1.545375 53.808075
-1.545378 53.808031

-1.545378 53.808031
-1.545397 53.808006

-1.545397 53.808006
-1.545398 53.807970

-1.545398 53.807970
-1.545403 53.807954

-1.545403 53.807954
-1.545423 53.807929

-1.545540 53.808183
-1.546185 53.807819

-1.546355 53.808363
-1.546307 53.808382

-1.546307 53.808382
-1.546267 53.808376

-1.546267 53.808376
-1.546240 53.808357

-1.545916 53.808469
-1.545707 53.808480

-1.545707 53.808480
-1.545243 53.808487

-1.545243 53.808487
-1.545021 53.808508

-1.546903 53.808355
-1.546670 53.808208

-1.546670 53.808208
-1.546688 53.808141

-1.546688 53.808141
-1.546185 53.807819

-1.546185 53.807819
-1.545563 53.807474

-1.547589 53.809292
-1.547598 53.809211

-1.547598 53.809211
-1.547606 53.809129

-1.547606 53.809129
-1.547682 53.808993

-1.547682 53.808993
-1.547767 53.808939

-1.547767 53.808939
-1.547850 53.808900

-1.548267 53.809276
-1.548411 53.809188

-1.548411 53.809188
-1.547850 53.808900

-1.547850 53.808900
-1.547409 53.808670

-1.547409 53.808670
-1.547092 53.808890

-1.547200 53.808941
-1.547092 53.808890

-1.547092 53.808890
-1.546925 53.808811

-1.550354 53.809199
-1.550327 53.809107

-1.550327 53.809107
-1.550354 53.808989

-1.550354 53.808989
-1.550411 53.808881

-1.550411 53.808881
-1.550495 53.808797

-1.550495 53.808797
-1.550752 53.808598

-1.550752 53.808598
-1.550587 53.808518

-1.550411 53.808881
-1.550054 53.808700

-1.550054 53.808700
-1.550032 53.808689

-1.550032 53.808689
-1.549771 53.808552

-1.549771 53.808552
-1.549623 53.808478

-1.549623 53.808478
-1.549503 53.808411

-1.549503 53.808411
-1.549362 53.808344

-1.549362 53.808344
-1.549246 53.808283

-1.549246 53.808283
-1.548989 53.808157

-1.548989 53.808157
-1.548941 53.808129

-1.548941 53.808129
-1.548731 53.808021

-1.548731 53.808021
-1.548698 53.808007

-1.548698 53.808007
-1.548467 53.807886

-1.548467 53.807886
-1.548076 53.807682

-1.549334 53.809879
-1.549500 53.809751

-1.549500 53.809751
-1.549575 53.809647

-1.549575 53.809647
-1.549685 53.809401

-1.549685 53.809401
-1.549731 53.809317

-1.549731 53.809317
-1.549802 53.809187

-1.549802 53.809187
-1.549826 53.809146

-1.549826 53.809146
-1.549921 53.808929

-1.549921 53.808929
-1.550032 53.808689

-1.548836 53.807637
-1.548512 53.807855

-1.548512 53.807855
-1.548467 53.807886

-1.548731 53.808021
-1.549083 53.807758

-1.548989 53.808157
-1.549033 53.808131

-1.549033 53.808131
-1.549363 53.807923

-1.549246 53.808283
-1.549645 53.808043

-1.549503 53.808411
-1.549547 53.808387

-1.549771 53.808552
-1.550189 53.808289

-1.550054 53.808700
-1.550089 53.808677

-1.549547 53.808387
-1.549898 53.808175

-1.550089 53.808677
-1.550435 53.808446

-1.549921 53.808929
-1.549496 53.808727

-1.549826 53.809146
-1.549323 53.808910

-1.549685 53.809401
-1.549150 53.809084

-1.549575 53.809647
-1.548733 53.809220

-1.549623 53.808478
-1.549000 53.809017

-1.549362 53.808344
-1.549311 53.808389

-1.549311 53.808389
-1.548797 53.808848

-1.548797 53.808848
-1.548749 53.808889

-1.548675 53.808847
-1.548455 53.808727

-1.549000 53.809017
-1.548749 53.808889

-1.548749 53.808889
-1.548675 53.808847

-1.546959 53.808320
-1.548607 53.809136

-1.548607 53.809136
-1.548664 53.809175

-1.548664 53.809175
-1.548733 53.809220

-1.548733 53.809220
-1.548628 53.809229

-1.548628 53.809229
-1.548411 53.809188

-1.546903 53.808355
-1.547429 53.808636

-1.547429 53.808636
-1.547409 53.808670

-1.548698 53.808007
-1.548556 53.808052

-1.548556 53.808052
-1.548442 53.808122

-1.548442 53.808122
-1.548351 53.808182

-1.548351 53.808182
-1.548229 53.808130

-1.548229 53.808130
-1.547850 53.808001

-1.547850 53.808001
-1.547758 53.807987

-1.547758 53.807987
-1.547618 53.808036

-1.547618 53.808036
-1.547530 53.808090

-1.547530 53.808090
-1.547521 53.808120

-1.547521 53.808120
-1.547539 53.808169

-1.547539 53.808169
-1.547593 53.808235

-1.547593 53.808235
-1.547672 53.808335

-1.547672 53.808335
-1.547796 53.808446

-1.547796 53.808446
-1.547956 53.808558

-1.547956 53.808558
-1.548084 53.808585

-1.548084 53.808585
-1.548227 53.808611

-1.548227 53.808611
-1.548431 53.808626

-1.548431 53.808626
-1.548544 53.808603

-1.548544 53.808603
-1.548602 53.808546

-1.548602 53.808546
-1.548654 53.808469

-1.548654 53.808469
-1.548653 53.808424

-1.548653 53.808424
-1.548600 53.808371

-1.548600 53.808371
-1.548480 53.808277

-1.548480 53.808277
-1.548351 53.808182

-1.547956 53.808558
-1.548229 53.808130

-1.547850 53.808001
-1.547776 53.807938

-1.547776 53.807938
-1.547684 53.807896

-1.547530 53.808090
-1.547409 53.808033

-1.547539 53.808169
-1.547513 53.808155

-1.547513 53.808155
-1.547422 53.808092

-1.547422 53.808092
-1.547284 53.808233

-1.547284 53.808233
-1.547403 53.808292

-1.547403 53.808292
-1.547486 53.808333

-1.547486 53.808333
-1.547593 53.808391

-1.547593 53.808391
-1.547946 53.808573

-1.547946 53.808573
-1.548412 53.808799

-1.548412 53.808799
-1.548455 53.808727

-1.548455 53.808727
-1.548783 53.808429

-1.548783 53.808429
-1.548633 53.808271

-1.548633 53.808271
-1.548502 53.808169

-1.548502 53.808169
-1.548442 53.808122

-1.548633 53.808271
-1.548480 53.808277

-1.548783 53.808429
-1.548855 53.808334

-1.548855 53.808334
-1.548869 53.808281

-1.548869 53.808281
-1.548835 53.808211

-1.548835 53.808211
-1.548941 53.808129

-1.548835 53.808211
-1.548502 53.808169

-1.547946 53.808573
-1.547956 53.808558

-1.547403 53.808292
-1.547513 53.808155

-1.547486 53.808333
-1.547593 53.808235

-1.547593 53.808391
-1.547672 53.808335

-1.545262 53.803171
-1.545140 53.803095

-1.543827 53.806859
-1.543100 53.807200

-1.547555 53.801606
-1.548138 53.801797

-1.548138 53.801797
-1.548242 53.801805

-1.548242 53.801805
-1.548897 53.801856

-1.548897 53.801856
-1.548904 53.801600

-1.547555 53.801600
-1.547555 53.801606

-1.548607 53.804854
-1.548260 53.804452

-1.548260 53.804452
-1.548173 53.804379

-1.548173 53.804379
-1.548161 53.804374

-1.548771 53.805128
-1.548648 53.804928

-1.548648 53.804928
-1.548607 53.804854

-1.549712 53.806026
-1.549295 53.806272

-1.549295 53.806272
-1.549032 53.806468

-1.549032 53.806468
-1.549004 53.806497

-1.549004 53.806497
-1.548995 53.806534

-1.549393 53.805239
-1.549347 53.805226

-1.549347 53.805226
-1.549382 53.805187

-1.549382 53.805187
-1.549485 53.805102

-1.549485 53.805102
-1.549522 53.805102

-1.549522 53.805102
-1.549839 53.805006

-1.549839 53.805006
-1.550058 53.804970

-1.550058 53.804970
-1.550425 53.804848

-1.550425 53.804848
-1.550805 53.804717

-1.550805 53.804717
-1.551300 53.804500

-1.551300 53.804500
-1.551583 53.804359

-1.550845 53.803563
-1.550786 53.803687

-1.550786 53.803687
-1.550820 53.803781

-1.550820 53.803781
-1.551243 53.804108

-1.551243 53.804108
-1.551341 53.804187

-1.551341 53.804187
-1.551583 53.804359

-1.551583 53.804359
-1.551788 53.804364

-1.552631 53.804438
-1.552524 53.804702

-1.552524 53.804702
-1.552507 53.804754

-1.552507 53.804754
-1.552446 53.805007

-1.552446 53.805007
-1.552410 53.805150

-1.552410 53.805150
-1.552378 53.805336

-1.552378 53.805336
-1.552337 53.805556

-1.553042 53.804984
-1.553014 53.805079

-1.554789 53.805166
-1.554244 53.805166

-1.554244 53.805166
-1.554247 53.805399

-1.554247 53.805399
-1.554316 53.805400

-1.554316 53.805400
-1.554778 53.805397

-1.554778 53.805397
-1.554789 53.805166

-1.552446 53.805007
-1.552605 53.805075

-1.552605 53.805075
-1.552947 53.805079

-1.552947 53.805079
-1.553014 53.805079

-1.553014 53.805079
-1.553555 53.805083

-1.553555 53.805083
-1.553928 53.805085

-1.553928 53.805085
-1.554585 53.805090

-1.554585 53.805090
-1.555309 53.805096

-1.555309 53.805096
-1.555436 53.805105

-1.555436 53.805105
-1.555709 53.805039

-1.555709 53.805039
-1.555940 53.804924

-1.555940 53.804924
-1.556081 53.804814

-1.556081 53.804814
-1.556173 53.804800

-1.556173 53.804800
-1.556354 53.804801

-1.556354 53.804801
-1.556660 53.804777

-1.555902 53.805410
-1.555766 53.805408

-1.555766 53.805408
-1.555643 53.805334

-1.555643 53.805334
-1.555410 53.805188

-1.555410 53.805188
-1.555309 53.805096

-1.555309 53.805096
-1.555344 53.804849

-1.555766 53.805408
-1.555312 53.805409

-1.555312 53.805409
-1.554846 53.805404

-1.554846 53.805404
-1.554778 53.805397

-1.554316 53.805400
-1.554314 53.805658

-1.554314 53.805658
-1.554313 53.805709

-1.555187 53.806972
-1.554985 53.806964

-1.554985 53.806964
-1.554495 53.806947

-1.554495 53.806947
-1.554067 53.806934

-1.554067 53.806934
-1.553941 53.806930

-1.554313 53.805709
-1.554398 53.805798

-1.554398 53.805798
-1.554397 53.805929

-1.554397 53.805929
-1.554394 53.806211

-1.554394 53.806211
-1.554392 53.806263

-1.555209 53.806774
-1.554908 53.806790

-1.554908 53.806790
-1.554922 53.806821

-1.554209 53.805335
-1.553572 53.805334

-1.553572 53.805334
-1.553245 53.805334

-1.553245 53.805334
-1.553038 53.805334

-1.553038 53.805334
-1.552476 53.805335

-1.552476 53.805335
-1.552378 53.805336

-1.552378 53.805336
-1.551925 53.805337

-1.551925 53.805337
-1.550799 53.805342

-1.554273 53.806472
-1.554069 53.806467

-1.554069 53.806467
-1.553780 53.806465

-1.553780 53.806465
-1.553594 53.806547

-1.553594 53.806547
-1.552935 53.806507

-1.549604 53.805953
-1.549741 53.805886

-1.549741 53.805886
-1.549934 53.805828

-1.549934 53.805828
-1.550261 53.805840

-1.550261 53.805840
-1.550538 53.805900

-1.550783 53.805916
-1.550538 53.805900

-1.549420 53.805234
-1.549448 53.805218

-1.549448 53.805218
-1.549522 53.805146

-1.549522 53.805146
-1.550805 53.805155

-1.549825 53.805521
-1.549448 53.805218

-1.549368 53.805253
-1.548771 53.805128

-1.551748 53.804748
-1.551764 53.804718

-1.551764 53.804718
-1.551768 53.804662

-1.552507 53.804754
-1.552614 53.804763

-1.544549 53.806856
-1.544842 53.806919

-1.544842 53.806919
-1.544948 53.806959

-1.544948 53.806959
-1.545267 53.807146

-1.545267 53.807146
-1.545440 53.807234

-1.545440 53.807234
-1.545418 53.807261

-1.545418 53.807261
-1.545629 53.807388

-1.545267 53.807146
-1.545138 53.807216

-1.545138 53.807216
-1.545038 53.807266

-1.545038 53.807266
-1.544912 53.807342

-1.544912 53.807342
-1.544835 53.807413

-1.544835 53.807413
-1.544774 53.807523

-1.544774 53.807523
-1.544753 53.807603

-1.544753 53.807603
-1.544744 53.807653

-1.544744 53.807653
-1.544741 53.807731

-1.544741 53.807731
-1.544758 53.807795

-1.544758 53.807795
-1.544800 53.807842

-1.550781 53.806324
-1.550360 53.806423

-1.552587 53.807116
-1.552878 53.806731

-1.552878 53.806731
-1.552901 53.806640

-1.552901 53.806640
-1.552935 53.806507

-1.552090 53.805927
-1.552087 53.805562

-1.552111 53.806011
-1.552112 53.805963

-1.552112 53.805963
-1.552090 53.805927

-1.552944 53.806063
-1.553080 53.806068

-1.553080 53.806068
-1.553079 53.805562

-1.554394 53.806211
-1.554239 53.806216

-1.554239 53.806216
-1.554089 53.806299

-1.554089 53.806299
-1.553780 53.806465

-1.554067 53.806934
-1.554067 53.806811

-1.554067 53.806811
-1.554069 53.806467

-1.554069 53.806467
-1.554089 53.806299

-1.557257 53.806191
-1.557201 53.806303

-1.557201 53.806303
-1.557065 53.806398

-1.557065 53.806398
-1.556974 53.806436

-1.555910 53.803576
-1.555966 53.803811

-1.549216 53.802388
-1.550250 53.802480

-1.550250 53.802480
-1.550383 53.802489

-1.550383 53.802489
-1.550451 53.802493

-1.548648 53.804928
-1.548764 53.804896

-1.548764 53.804896
-1.549609 53.804721

-1.549609 53.804721
-1.550055 53.804344

-1.550458 53.804065
-1.550632 53.804028

-1.550632 53.804028
-1.550818 53.804028

-1.550818 53.804028
-1.551164 53.804139

-1.551164 53.804139
-1.551243 53.804108

-1.550055 53.804344
-1.550229 53.804223

-1.550229 53.804223
-1.550458 53.804065

-1.550458 53.804065
-1.550820 53.803781

-1.556339 53.806157
-1.555433 53.806157

-1.555433 53.806157
-1.555411 53.806157

-1.555411 53.806157
-1.555411 53.806227

-1.555411 53.806227
-1.555400 53.806294

-1.555400 53.806294
-1.555371 53.806336

-1.555371 53.806336
-1.555319 53.806361

-1.555319 53.806361
-1.555260 53.806407

-1.555260 53.806407
-1.555212 53.806430

-1.555212 53.806430
-1.555167 53.806458

-1.555167 53.806458
-1.555178 53.806551

-1.555178 53.806551
-1.555190 53.806568

-1.555190 53.806568
-1.555207 53.806595

-1.555207 53.806595
-1.555217 53.806633

-1.555217 53.806633
-1.555220 53.806689

-1.555220 53.806689
-1.555212 53.806754

-1.555212 53.806754
-1.555209 53.806774

-1.555209 53.806774
-1.555187 53.806972

-1.555187 53.806972
-1.555269 53.806968

-1.555319 53.806361
-1.555327 53.806328

-1.555327 53.806328
-1.555336 53.806291

-1.555336 53.806291
-1.555344 53.806265

-1.555344 53.806265
-1.555331 53.806238

-1.555331 53.806238
-1.555318 53.806214

-1.555318 53.806214
-1.555310 53.806189

-1.555310 53.806189
-1.555301 53.806174

-1.555301 53.806174
-1.555281 53.806158

-1.555281 53.806158
-1.555259 53.806151

-1.555259 53.806151
-1.555249 53.806142

-1.555249 53.806142
-1.555246 53.806127

-1.555246 53.806127
-1.555251 53.806109

-1.555251 53.806109
-1.555256 53.806096

-1.555256 53.806096
-1.555262 53.806086

-1.555262 53.806086
-1.555265 53.806076

-1.555265 53.806076
-1.555271 53.806067

-1.555271 53.806067
-1.555282 53.806055

-1.555282 53.806055
-1.555299 53.806044

-1.555299 53.806044
-1.555316 53.806037

-1.555316 53.806037
-1.555331 53.806031

-1.555331 53.806031
-1.555345 53.806025

-1.555345 53.806025
-1.555362 53.806016

-1.555362 53.806016
-1.555375 53.806010

-1.555375 53.806010
-1.555387 53.806008

-1.555387 53.806008
-1.555397 53.806004

-1.555397 53.806004
-1.555412 53.805999

-1.555412 53.805999
-1.555420 53.805998

-1.555420 53.805998
-1.555440 53.805993

-1.555397 53.806004
-1.555393 53.806023

-1.555393 53.806023
-1.555395 53.806042

-1.555395 53.806042
-1.555397 53.806051

-1.555397 53.806051
-1.555404 53.806069

-1.555404 53.806069
-1.555412 53.806084

-1.555412 53.806084
-1.555418 53.806096

-1.555418 53.806096
-1.555426 53.806114

-1.555426 53.806114
-1.555429 53.806124

-1.555429 53.806124
-1.555431 53.806137

-1.555431 53.806137
-1.555433 53.806157

-1.556966 53.805959
-1.556911 53.805973

-1.556911 53.805973
-1.556848 53.806008

-1.556848 53.806008
-1.556777 53.806031

-1.556777 53.806031
-1.556678 53.806056

-1.556678 53.806056
-1.556590 53.806084

-1.556590 53.806084
-1.556518 53.806095

-1.556518 53.806095
-1.556481 53.806113

-1.556481 53.806113
-1.556470 53.806147

-1.556470 53.806147
-1.556463 53.806180

-1.556463 53.806180
-1.556450 53.806222

-1.556450 53.806222
-1.556405 53.806195

-1.556405 53.806195
-1.556339 53.806157

-1.555440 53.805993
-1.555653 53.805973

-1.555653 53.805973
-1.555860 53.805960

-1.555860 53.805960
-1.556134 53.805909

-1.556134 53.805909
-1.556243 53.805882

-1.556243 53.805882
-1.556343 53.805845

-1.556343 53.805845
-1.556453 53.805788

-1.556453 53.805788
-1.556494 53.805811

-1.556494 53.805811
-1.556467 53.805895

-1.556467 53.805895
-1.556466 53.806000

-1.556466 53.806000
-1.556481 53.806113

-1.556127 53.806017
-1.556134 53.805909

-1.556607 53.805785
-1.556598 53.805560

-1.556598 53.805560
-1.556602 53.805383

-1.556602 53.805383
-1.556525 53.805385

-1.556525 53.805385
-1.556351 53.805384

-1.556351 53.805384
-1.556353 53.805410

-1.556353 53.805410
-1.556352 53.805568

-1.556352 53.805568
-1.556453 53.805567

-1.556453 53.805567
-1.556453 53.805788

-1.556453 53.805788
-1.556607 53.805785

-1.556815 53.805817
-1.556494 53.805811

-1.556783 53.805560
-1.556598 53.805560

-1.554796 53.803574
-1.554797 53.803462

-1.554797 53.803462
-1.554799 53.803353

-1.554781 53.803898
-1.554786 53.803741

-1.554786 53.803741
-1.554796 53.803574

-1.554786 53.803741
-1.554573 53.803742

-1.554209 53.805335
-1.553928 53.805085

-1.553928 53.805085
-1.553925 53.805007

-1.553925 53.805007
-1.553914 53.804656

-1.553914 53.804656
-1.553555 53.804566

-1.553914 53.804656
-1.554422 53.804659

-1.554422 53.804659
-1.554582 53.804659

-1.553245 53.805334
-1.552947 53.805079

-1.550805 53.805155
-1.552410 53.805150

-1.546037 53.801600
-1.546293 53.802032

-1.547001 53.801880
-1.546293 53.802032

-1.546293 53.802032
-1.545661 53.802174

-1.549262 53.802569
-1.549354 53.802690

-1.549354 53.802690
-1.549495 53.802810

-1.547213 53.804565
-1.547209 53.804315

-1.547209 53.804315
-1.547172 53.804122

-1.547172 53.804122
-1.547161 53.804075

-1.547161 53.804075
-1.547136 53.803980

-1.556113 53.810904
-1.556215 53.810979

-1.556215 53.810979
-1.556242 53.811000

-1.555169 53.809936
-1.555117 53.810044

-1.555117 53.810044
-1.554874 53.810364

-1.554874 53.810364
-1.554736 53.810545

-1.554736 53.810545
-1.554692 53.810621

-1.554692 53.810621
-1.554465 53.810940

-1.554465 53.810940
-1.554419 53.811000

-1.548260 53.804452
-1.547869 53.804523

-1.547209 53.804315
-1.547388 53.804424

-1.547388 53.804424
-1.547419 53.804539

-1.546049 53.802788
-1.545502 53.802961

-1.545502 53.802961
-1.545313 53.803023

-1.545313 53.803023
-1.545140 53.803095

-1.545140 53.803095
-1.544437 53.803396

-1.544437 53.803396
-1.544051 53.803598

-1.544051 53.803598
-1.543517 53.803938

-1.543517 53.803938
-1.543300 53.804123

-1.545241 53.802940
-1.543962 53.802593

-1.543962 53.802593
-1.543722 53.802530

-1.543722 53.802530
-1.543100 53.802407

-1.543722 53.802530
-1.543351 53.803067

-1.543351 53.803067
-1.543100 53.803012

-1.543351 53.803067
-1.543447 53.803087

-1.543447 53.803087
-1.543618 53.803332

-1.543618 53.803332
-1.544035 53.803434

-1.543300 53.804123
-1.543599 53.804264

-1.543599 53.804264
-1.543764 53.804329

-1.543764 53.804329
-1.543880 53.804369

-1.543880 53.804369
-1.543985 53.804403

-1.543985 53.804403
-1.544096 53.804447

-1.544096 53.804447
-1.544181 53.804475

-1.544181 53.804475
-1.544374 53.804520

-1.544374 53.804520
-1.544555 53.804499

-1.544555 53.804499
-1.544742 53.804470

-1.544742 53.804470
-1.544887 53.804412

-1.544887 53.804412
-1.545014 53.804341

-1.545014 53.804341
-1.545186 53.804245

-1.545186 53.804245
-1.545306 53.804179

-1.546970 53.804171
-1.547023 53.804126

-1.547023 53.804126
-1.547012 53.804081

-1.547012 53.804081
-1.546987 53.804039

-1.546987 53.804039
-1.546957 53.804007

-1.546957 53.804007
-1.546919 53.803967

-1.546919 53.803967
-1.547000 53.803913

-1.547000 53.803913
-1.546896 53.803746

-1.546896 53.803746
-1.546642 53.803524

-1.546642 53.803524
-1.546381 53.803243

-1.546381 53.803243
-1.546216 53.803088

-1.546216 53.803088
-1.545999 53.802875

-1.546749 53.803097
-1.547396 53.803572

-1.547396 53.803572
-1.547437 53.803731

-1.547437 53.803731
-1.547448 53.803735

-1.547448 53.803735
-1.547579 53.803879

-1.544035 53.803434
-1.543903 53.803520

-1.543903 53.803520
-1.543413 53.803779

-1.543413 53.803779
-1.543273 53.803818

-1.543273 53.803818
-1.543100 53.803935

-1.545866 53.802624
-1.545666 53.802392

-1.545666 53.802392
-1.545449 53.802036

-1.545449 53.802036
-1.545429 53.801991

-1.558598 53.807516
-1.558907 53.807069

-1.558124 53.807398
-1.558582 53.806767

-1.558582 53.806767
-1.558746 53.806531

-1.557622 53.807281
-1.558231 53.806414

-1.559120 53.806815
-1.559236 53.806649

-1.558907 53.807069
-1.559120 53.806815

-1.559120 53.806815
-1.558953 53.806783

-1.558953 53.806783
-1.558783 53.806775

-1.558783 53.806775
-1.558690 53.806772

-1.558690 53.806772
-1.558582 53.806767

-1.554678 53.811000
-1.554465 53.810940

-1.555091 53.810753
-1.554796 53.810654

-1.554796 53.810654
-1.554692 53.810621

-1.554974 53.811000
-1.555052 53.810890

-1.555052 53.810890
-1.555041 53.810856

-1.555041 53.810856
-1.555044 53.810820

-1.555044 53.810820
-1.555091 53.810753

-1.555091 53.810753
-1.555117 53.810718

-1.555117 53.810718
-1.555154 53.810681

-1.555154 53.810681
-1.554846 53.810583

-1.554846 53.810583
-1.554736 53.810545

-1.555052 53.810890
-1.555105 53.810970

-1.555105 53.810970
-1.555135 53.811000

-1.556071 53.810704
-1.556101 53.810826

-1.556101 53.810826
-1.556113 53.810904

-1.556113 53.810904
-1.556137 53.811000

-1.555843 53.810953
-1.555573 53.810880

-1.555573 53.810880
-1.555537 53.810872

-1.555537 53.810872
-1.555471 53.810825

-1.555471 53.810825
-1.555117 53.810718

-1.555573 53.810880
-1.555684 53.810841

-1.555684 53.810841
-1.555805 53.810851

-1.555805 53.810851
-1.555887 53.810882

-1.546305 53.811000
-1.546358 53.810836

-1.545190 53.811000
-1.545354 53.810914

-1.545468 53.811000
-1.545354 53.810914

-1.545354 53.810914
-1.544744 53.810469

-1.544571 53.810430
-1.544475 53.810569

-1.544475 53.810569
-1.544425 53.810603

-1.544425 53.810603
-1.544092 53.810765

-1.544092 53.810765
-1.543979 53.810825

-1.543979 53.810825
-1.544047 53.810891

-1.544047 53.810891
-1.543996 53.810919

-1.543996 53.810919
-1.543819 53.810998

-1.544475 53.810569
-1.545190 53.811000

-1.549152 53.810410
-1.549036 53.810392

-1.549036 53.810392
-1.548851 53.810361

-1.548851 53.810361
-1.548819 53.810353

-1.548819 53.810353
-1.548789 53.810348

-1.548789 53.810348
-1.548635 53.810326

-1.548635 53.810326
-1.548518 53.810312

-1.548518 53.810312
-1.548390 53.810247

-1.548390 53.810247
-1.548232 53.810178

-1.548232 53.810178
-1.548181 53.810153

-1.548518 53.810312
-1.548470 53.810412

-1.548470 53.810412
-1.548431 53.810493

-1.548431 53.810493
-1.548397 53.810520

-1.548397 53.810520
-1.548355 53.810552

-1.548355 53.810552
-1.548325 53.810555

-1.548325 53.810555
-1.548280 53.810559

-1.548280 53.810559
-1.548250 53.810556

-1.548250 53.810556
-1.548179 53.810547

-1.548179 53.810547
-1.548089 53.810530

-1.548089 53.810530
-1.548035 53.810499

-1.548035 53.810499
-1.548031 53.810461

-1.548031 53.810461
-1.548046 53.810411

-1.548046 53.810411
-1.548094 53.810261

-1.548094 53.810261
-1.548134 53.810191

-1.548134 53.810191
-1.548181 53.810153

-1.548181 53.810153
-1.548188 53.810084

-1.548188 53.810084
-1.548193 53.810055

-1.548193 53.810055
-1.548188 53.810004

-1.548188 53.810004
-1.548189 53.809932

-1.548189 53.809932
-1.548212 53.809849

-1.548212 53.809849
-1.548245 53.809766

-1.548245 53.809766
-1.548318 53.809701

-1.549129 53.810461
-1.549046 53.810490

-1.549046 53.810490
-1.548944 53.810741

-1.548944 53.810741
-1.548899 53.810830

-1.548899 53.810830
-1.548877 53.810921

-1.548877 53.810921
-1.548858 53.811000

-1.550025 53.810114
-1.549866 53.810366

-1.548858 53.811000
-1.548109 53.810977

-1.548109 53.810977
-1.547314 53.810954

-1.547314 53.810954
-1.546962 53.810935

-1.546962 53.810935
-1.546690 53.810894

-1.546690 53.810894
-1.546358 53.810836

-1.550658 53.809837
-1.550147 53.809768

-1.550147 53.809768
-1.549845 53.809720

-1.550600 53.809558
-1.550269 53.809506

-1.550269 53.809506
-1.550034 53.809434

-1.550269 53.809506
-1.550147 53.809768

-1.543100 53.810500
-1.543315 53.810400

-1.543870 53.810806
-1.543604 53.810943

-1.543604 53.810943
-1.543443 53.810825

-1.543443 53.810825
-1.543254 53.810672

-1.543254 53.810672
-1.543100 53.810766

-1.543100 53.810766
-1.543157 53.810776

-1.543157 53.810776
-1.543319 53.810886

-1.543319 53.810886
-1.543443 53.810825

-1.543604 53.810943
-1.543691 53.811000

-1.543815 53.811000
-1.543819 53.810998

-1.544655 53.811000
-1.544526 53.810899

-1.544526 53.810899
-1.544398 53.810961

-1.544450 53.811000
-1.544398 53.810961

-1.544398 53.810961
-1.544271 53.810874

-1.544271 53.810874
-1.544047 53.810891

-1.544097 53.811000
-1.543996 53.810919

-1.544092 53.810765
-1.544014 53.810699

-1.543459 53.810234
-1.543569 53.810124

-1.543885 53.810242
-1.543873 53.810300

-1.543873 53.810300
-1.543837 53.810546

-1.543873 53.810300
-1.544064 53.810527

-1.544064 53.810527
-1.543894 53.810596

-1.544014 53.810699
-1.543894 53.810596

-1.543894 53.810596
-1.543837 53.810546

-1.543837 53.810546
-1.543459 53.810234

-1.543125 53.809929
-1.543100 53.809940

-1.543216 53.810320
-1.543100 53.810274

-1.551571 53.811000
-1.551563 53.810940

-1.551563 53.810940
-1.551298 53.810843

-1.551298 53.810843
-1.551043 53.810763

-1.551043 53.810763
-1.550893 53.810907

-1.550893 53.810907
-1.550878 53.810993

-1.550878 53.810993
-1.550877 53.811000

-1.551298 53.810843
-1.551312 53.810825

-1.551312 53.810825
-1.551344 53.810761

-1.551344 53.810761
-1.551379 53.810707

-1.551379 53.810707
-1.551397 53.810660

-1.551397 53.810660
-1.551136 53.810541

-1.551136 53.810541
-1.550713 53.810408

-1.551788 53.809873
-1.551569 53.810094

-1.551569 53.810094
-1.551475 53.810194

-1.551475 53.810194
-1.551418 53.810248

-1.551418 53.810248
-1.551246 53.810429

-1.551246 53.810429
-1.551136 53.810541

-1.550849 53.810302
-1.551036 53.810112

-1.551036 53.810112
-1.551110 53.810138

-1.551110 53.810138
-1.551418 53.810248

-1.551397 53.810660
-1.551455 53.810622

-1.544925 53.806518
-1.546991 53.807825

-1.546991 53.807825
-1.547021 53.807885

-1.547021 53.807885
-1.547160 53.807954

-1.547160 53.807954
-1.547338 53.808072

-1.544753 53.807603
-1.544438 53.807384

-1.544438 53.807384
-1.544253 53.807265

-1.543100 53.808446
-1.543271 53.808369

-1.543271 53.808369
-1.543180 53.808299

-1.543180 53.808299
-1.543100 53.808244

-1.544632 53.806713
-1.544452 53.806779

-1.544452 53.806779
-1.544284 53.806844

-1.544284 53.806844
-1.544023 53.806977

-1.543180 53.808299
-1.543657 53.808085

-1.543349 53.807874
-1.543657 53.808085

-1.543657 53.808085
-1.544181 53.808430

-1.544181 53.808430
-1.544009 53.808504

-1.544009 53.808504
-1.544174 53.808649

-1.544174 53.808649
-1.544283 53.808754

-1.544283 53.808754
-1.544244 53.808764

-1.544244 53.808764
-1.544298 53.808813

-1.544298 53.808813
-1.544458 53.808958

-1.544458 53.808958
-1.544437 53.809079

-1.544437 53.809079
-1.544391 53.809381

-1.544391 53.809381
-1.544361 53.809540

-1.544361 53.809540
-1.544338 53.809660

-1.544338 53.809660
-1.544254 53.809657

-1.544254 53.809657
-1.544111 53.809652

-1.544437 53.809079
-1.544765 53.809092

-1.544100 53.809706
-1.544111 53.809652

-1.544111 53.809652
-1.544145 53.809521

-1.544145 53.809521
-1.544278 53.809533

-1.544278 53.809533
-1.544254 53.809657

-1.544278 53.809533
-1.544361 53.809540

-1.544391 53.809381
-1.544159 53.809370

-1.544159 53.809370
-1.544014 53.809377

-1.544014 53.809377
-1.543907 53.809404

-1.543907 53.809404
-1.543845 53.809449

-1.543845 53.809449
-1.543803 53.809538

-1.543803 53.809538
-1.543777 53.809655

-1.543777 53.809655
-1.543700 53.810005

-1.544159 53.809370
-1.544164 53.809199

-1.544164 53.809199
-1.544175 53.809115

-1.544175 53.809115
-1.544197 53.809025

-1.544197 53.809025
-1.544311 53.809016

-1.544311 53.809016
-1.544167 53.808868

-1.544167 53.808868
-1.543870 53.808616

-1.543870 53.808616
-1.543718 53.808482

-1.543718 53.808482
-1.543460 53.808289

-1.543460 53.808289
-1.543271 53.808369

-1.543100 53.808947
-1.543164 53.808918

-1.543164 53.808918
-1.543551 53.808743

-1.543551 53.808743
-1.543583 53.808729

-1.543583 53.808729
-1.543826 53.808638

-1.543718 53.808482
-1.543857 53.808413

-1.544167 53.808868
-1.544298 53.808813

-1.544174 53.808649
-1.544376 53.808563

-1.543100 53.808795
-1.543164 53.808918

-1.551903 53.809911
-1.551856 53.809895

-1.551856 53.809895
-1.551788 53.809873

-1.551788 53.809873
-1.551592 53.809801

-1.551592 53.809801
-1.551327 53.809702

-1.551327 53.809702
-1.550906 53.809567

-1.551726 53.810280
-1.551475 53.810194

-1.551997 53.809764
-1.551856 53.809895

-1.551424 53.809368
-1.551263 53.809296

-1.551174 53.809352
-1.551261 53.809367

-1.551261 53.809367
-1.551390 53.809388

-1.551390 53.809388
-1.551563 53.809419

-1.551563 53.809419
-1.551692 53.809435

-1.551692 53.809435
-1.551843 53.809466

-1.551843 53.809466
-1.551888 53.809550

-1.551888 53.809550
-1.551856 53.809618

-1.551856 53.809618
-1.551886 53.809630

-1.551886 53.809630
-1.551919 53.809648

-1.551919 53.809648
-1.551848 53.809711

-1.551848 53.809711
-1.551997 53.809764

-1.551997 53.809764
-1.552101 53.809793

-1.552101 53.809793
-1.552161 53.809781

-1.552161 53.809781
-1.552209 53.809783

-1.552209 53.809783
-1.552325 53.809826

-1.551563 53.809419
-1.551447 53.809565

-1.551447 53.809565
-1.551353 53.809673

-1.551353 53.809673
-1.551327 53.809702

-1.551529 53.810558
-1.551455 53.810622

-1.552029 53.810234
-1.551529 53.810558

-1.552161 53.809781
-1.552067 53.809894

-1.552067 53.809894
-1.552028 53.809911

-1.552028 53.809911
-1.551982 53.809911

-1.551982 53.809911
-1.551932 53.809895

-1.551932 53.809895
-1.551903 53.809911

-1.551903 53.809911
-1.551864 53.809946

-1.551864 53.809946
-1.552261 53.810061

-1.552029 53.810234
-1.551569 53.810094

-1.549525 53.807682
-1.549640 53.807608

-1.549640 53.807608
-1.549779 53.807507

-1.550749 53.807963
-1.550609 53.807899

-1.550932 53.808181
-1.550996 53.808146

-1.550996 53.808146
-1.550972 53.808087

-1.552704 53.809709
-1.553111 53.809313

-1.553452 53.809771
-1.553736 53.809450

-1.553126 53.811000
-1.553492 53.810526

-1.553492 53.810526
-1.553758 53.810192

-1.553758 53.810192
-1.553779 53.810165

-1.553779 53.810165
-1.554069 53.809792

-1.554069 53.809792
-1.554091 53.809759

-1.554091 53.809759
-1.554184 53.809624

-1.553819 53.810599
-1.553492 53.810526

-1.554046 53.810238
-1.553758 53.810192

-1.554365 53.809908
-1.554069 53.809792

-1.559871 53.806554
-1.559911 53.806530

-1.559911 53.806530
-1.560461 53.806657

-1.559911 53.806530
-1.559966 53.806511

-1.559966 53.806511
-1.560353 53.806405

-1.560353 53.806405
-1.560480 53.806379

-1.564000 53.808013
-1.563154 53.807775

-1.561803 53.808547
-1.561866 53.808434

-1.561866 53.808434
-1.562033 53.808235

-1.562033 53.808235
-1.562129 53.808121

-1.562129 53.808121
-1.562295 53.807941

-1.562295 53.807941
-1.562377 53.807817

-1.562377 53.807817
-1.562453 53.807703

-1.562453 53.807703
-1.562458 53.807655

-1.562458 53.807655
-1.562421 53.807589

-1.562421 53.807589
-1.562345 53.807522

-1.562345 53.807522
-1.561305 53.807243

-1.561305 53.807243
-1.561191 53.807250

-1.561191 53.807250
-1.561056 53.807298

-1.561056 53.807298
-1.560936 53.807289

-1.560936 53.807289
-1.560400 53.807164

-1.560400 53.807164
-1.560172 53.807106

-1.562494 53.807988
-1.562578 53.807866

-1.562578 53.807866
-1.562675 53.807725

-1.549495 53.802810
-1.549354 53.802769

-1.549354 53.802769
-1.549291 53.802756

-1.549291 53.802756
-1.549124 53.802751

-1.549124 53.802751
-1.548927 53.802830

-1.547233 53.803758
-1.547369 53.803744

-1.547369 53.803744
-1.547448 53.803735

-1.547448 53.803735
-1.547951 53.803522

-1.547521 53.803917
-1.547371 53.803983

-1.547371 53.803983
-1.547290 53.803990

-1.547290 53.803990
-1.547136 53.803980

-1.558077 53.802960
-1.558181 53.802983

-1.558181 53.802983
-1.558395 53.803022

-1.558395 53.803022
-1.558721 53.803084

-1.558721 53.803084
-1.559367 53.803188

-1.559367 53.803188
-1.559610 53.803231

-1.559610 53.803231
-1.559806 53.803263

-1.559806 53.803263
-1.560237 53.803356

-1.560237 53.803356
-1.560551 53.803496

-1.560551 53.803496
-1.560726 53.803603

-1.560726 53.803603
-1.560825 53.803678

-1.560825 53.803678
-1.560893 53.803761

-1.560893 53.803761
-1.560971 53.803861

-1.560971 53.803861
-1.561021 53.803944

-1.561021 53.803944
-1.561044 53.804021

-1.561044 53.804021
-1.561066 53.804142

-1.561066 53.804142
-1.561074 53.804247

-1.561074 53.804247
-1.561070 53.804406

-1.561070 53.804406
-1.561067 53.804552

-1.561067 53.804552
-1.561061 53.804705

-1.557778 53.803517
-1.557560 53.803471

-1.557560 53.803471
-1.557275 53.803425

-1.557275 53.803425
-1.557089 53.803426

-1.557089 53.803426
-1.556899 53.803482

-1.556899 53.803482
-1.556796 53.803529

-1.547136 53.803980
-1.547114 53.803946

-1.547114 53.803946
-1.547092 53.803908

-1.547092 53.803908
-1.546796 53.803503

-1.546796 53.803503
-1.546742 53.803464

-1.546742 53.803464
-1.546518 53.803257

-1.551411 53.803024
-1.551381 53.802999

-1.551381 53.802999
-1.551371 53.802967

-1.551371 53.802967
-1.551398 53.802923

-1.551398 53.802923
-1.551462 53.802898

-1.551462 53.802898
-1.551545 53.802901

-1.551545 53.802901
-1.551600 53.802927

-1.551600 53.802927
-1.551622 53.802962

-1.551622 53.802962
-1.551609 53.803004

-1.551609 53.803004
-1.551537 53.803040

-1.551537 53.803040
-1.551470 53.803042

-1.551470 53.803042
-1.551411 53.803024

-1.550817 53.804759
-1.551042 53.804708

-1.551042 53.804708
-1.551243 53.804658

-1.551243 53.804658
-1.551460 53.804625

-1.551460 53.804625
-1.551768 53.804662

-1.551768 53.804662
-1.551860 53.804673

-1.551860 53.804673
-1.551891 53.804639

-1.551891 53.804639
-1.551997 53.804371

-1.556071 53.810704
-1.556012 53.810405

-1.543100 53.806367
-1.543221 53.806449

-1.543221 53.806449
-1.543827 53.806859

-1.543827 53.806859
-1.544023 53.806977

-1.544023 53.806977
-1.544336 53.807194

-1.555957 53.801633
-1.556390 53.802350

-1.556390 53.802350
-1.556570 53.802621

-1.555670 53.801625
-1.555645 53.801811

-1.555645 53.801811
-1.555701 53.801967

-1.555701 53.801967
-1.555937 53.802185

-1.555937 53.802185
-1.556013 53.802234

-1.556013 53.802234
-1.556088 53.802332

-1.556088 53.802332
-1.556065 53.802433

-1.556065 53.802433
-1.555977 53.802501

-1.555977 53.802501
-1.555765 53.802537

-1.555765 53.802537
-1.555719 53.802501

-1.555719 53.802501
-1.555736 53.802399

-1.555736 53.802399
-1.555822 53.802325

-1.555822 53.802325
-1.555910 53.802280

-1.555910 53.802280
-1.555937 53.802185

-1.556088 53.802332
-1.556390 53.802350

-1.556783 53.805560
-1.556124 53.805582

-1.556124 53.805582
-1.554694 53.805582

-1.554694 53.805582
-1.553943 53.805571

-1.554316 53.805400
-1.554247 53.805399

-1.554247 53.805399
-1.554206 53.805399

-1.554206 53.805399
-1.554006 53.805401

-1.554006 53.805401
-1.554006 53.805480

-1.554006 53.805480
-1.553943 53.805571

-1.556815 53.805817
-1.556966 53.805959

-1.556966 53.805959
-1.557257 53.806191

-1.557257 53.806191
-1.557745 53.806297

-1.550845 53.803563
-1.550981 53.803435

-1.550981 53.803435
-1.551411 53.803024

-1.547001 53.801880
-1.547285 53.801865

-1.553353 53.803587
-1.552791 53.803653

-1.552791 53.803653
-1.552782 53.803741

-1.552782 53.803741
-1.552977 53.803742

-1.552977 53.803742
-1.553491 53.803739

-1.552977 53.803742
-1.552974 53.804076

-1.552974 53.804076
-1.552321 53.804074

-1.552321 53.804074
-1.552334 53.804409

-1.552782 53.803741
-1.552507 53.803744

-1.552507 53.803744
-1.551528 53.804218

-1.552217 53.803603
-1.552027 53.803709

-1.554573 53.803742
-1.554291 53.803753

-1.554291 53.803753
-1.554202 53.803823

-1.554202 53.803823
-1.554177 53.803893

-1.554177 53.803893
-1.554171 53.803978

-1.554171 53.803978
-1.554177 53.804544

-1.553555 53.804566
-1.554177 53.804557

-1.554177 53.804557
-1.554400 53.804557

-1.554400 53.804557
-1.554402 53.804595

-1.554402 53.804595
-1.554688 53.804595

-1.554688 53.804595
-1.555175 53.804592

-1.555175 53.804592
-1.555181 53.804143

-1.554177 53.804544
-1.554177 53.804557

-1.557560 53.803471
-1.557376 53.803701

-1.557376 53.803701
-1.557260 53.803930

-1.557260 53.803930
-1.556925 53.804201

-1.556925 53.804201
-1.556359 53.804535

-1.556796 53.803529
-1.556692 53.803468

-1.556692 53.803468
-1.556639 53.803419

-1.556639 53.803419
-1.556649 53.803169

-1.556649 53.803169
-1.556632 53.803111

-1.556632 53.803111
-1.556543 53.803037

-1.556543 53.803037
-1.556392 53.802907

-1.556392 53.802907
-1.556335 53.802837

-1.556335 53.802837
-1.556400 53.802765

-1.556400 53.802765
-1.556664 53.802643

-1.556664 53.802643
-1.556694 53.802578

-1.555902 53.805410
-1.556078 53.805409

-1.556078 53.805409
-1.556291 53.805410

-1.556291 53.805410
-1.556353 53.805410

-1.546459 53.802586
-1.546317 53.802822

-1.546317 53.802822
-1.546274 53.803040

-1.546459 53.802586
-1.546311 53.802713

-1.546311 53.802713
-1.546049 53.802788

-1.544293 53.801600
-1.544489 53.801964

-1.544489 53.801964
-1.545302 53.801801

-1.545381 53.801600
-1.545661 53.802174

-1.545661 53.802174
-1.545866 53.802624

-1.545429 53.801991
-1.545435 53.801892

-1.545435 53.801892
-1.545381 53.801769

-1.545381 53.801769
-1.545321 53.801640

-1.545321 53.801640
-1.545300 53.801600

-1.555378 53.807402
-1.555495 53.807059

-1.556101 53.810826
-1.555921 53.810836

-1.555921 53.810836
-1.555887 53.810882

-1.555887 53.810882
-1.555843 53.810953

-1.555843 53.810953
-1.555826 53.811000

-1.555495 53.810051
-1.555265 53.810336

-1.558564 53.808915
-1.558715 53.808973

-1.557185 53.810765
-1.557429 53.810680

-1.557429 53.810680
-1.557117 53.810411

-1.555921 53.810836
-1.555810 53.810738

-1.555810 53.810738
-1.555627 53.810683

-1.552235 53.808718
-1.552326 53.808596

-1.552326 53.808596
-1.552318 53.808371

-1.552318 53.808371
-1.552428 53.808471

-1.552428 53.808471
-1.552534 53.808607

-1.552534 53.808607
-1.552564 53.808676

-1.552564 53.808676
-1.552756 53.808915

-1.552318 53.808371
-1.552255 53.808247

-1.552255 53.808247
-1.552115 53.807902

-1.552115 53.807902
-1.551964 53.807514

-1.551964 53.807514
-1.551823 53.807359

-1.551823 53.807359
-1.551629 53.807211

-1.551629 53.807211
-1.550360 53.806423

-1.550360 53.806423
-1.549712 53.806026

-1.552235 53.808718
-1.552473 53.808678

-1.552473 53.808678
-1.552564 53.808676

-1.556012 53.810405
-1.555761 53.810475

-1.555761 53.810475
-1.555607 53.810541

-1.559581 53.807937
-1.559509 53.808018

-1.559509 53.808018
-1.559351 53.808156

-1.559351 53.808156
-1.559096 53.808368

-1.559096 53.808368
-1.558742 53.808674

-1.558742 53.808674
-1.558564 53.808915

-1.558564 53.808915
-1.558439 53.809133

-1.558439 53.809133
-1.558311 53.809434

-1.558311 53.809434
-1.558281 53.809502

-1.558281 53.809502
-1.558236 53.809585

-1.558236 53.809585
-1.558149 53.809702

-1.558149 53.809702
-1.558052 53.809808

-1.558052 53.809808
-1.557897 53.809955

-1.557897 53.809955
-1.557697 53.810112

-1.557697 53.810112
-1.557486 53.810234

-1.557486 53.810234
-1.557394 53.810287

-1.557394 53.810287
-1.557117 53.810411

-1.556371 53.810710
-1.556110 53.810499

-1.556110 53.810499
-1.556082 53.810469

-1.556082 53.810469
-1.556031 53.810429

-1.556031 53.810429
-1.556012 53.810405

-1.556012 53.810405
-1.555879 53.810287

-1.555879 53.810287
-1.555734 53.810171

-1.555734 53.810171
-1.555620 53.810104

-1.555620 53.810104
-1.555495 53.810051

-1.555495 53.810051
-1.555312 53.809981

-1.545429 53.801991
-1.545302 53.801801

-1.545302 53.801801
-1.545224 53.801652

-1.545224 53.801652
-1.545196 53.801600

-1.549080 53.801600
-1.549075 53.801873

-1.549075 53.801873
-1.549094 53.802113

-1.549094 53.802113
-1.549183 53.802334

-1.549183 53.802334
-1.549216 53.802388

-1.549216 53.802388
-1.549262 53.802569

-1.547472 53.805116
-1.547933 53.805084

-1.547933 53.805084
-1.548582 53.804997

-1.548582 53.804997
-1.549089 53.804914

-1.549089 53.804914
-1.550020 53.804695

-1.550020 53.804695
-1.550600 53.804511

-1.550600 53.804511
-1.551369 53.804228

-1.549495 53.802810
-1.549983 53.803165

-1.549983 53.803165
-1.550415 53.803458

-1.550415 53.803458
-1.550546 53.803524

-1.550546 53.803524
-1.550845 53.803563

-1.548927 53.802830
-1.548734 53.802966

-1.549291 53.802756
-1.549154 53.802636

-1.549712 53.806026
-1.549604 53.805953

-1.549604 53.805953
-1.549079 53.805525

-1.549079 53.805525
-1.548993 53.805438

-1.548993 53.805438
-1.548771 53.805128

-1.546096 53.809095
-1.545895 53.809029

-1.545895 53.809029
-1.545553 53.808847

-1.545553 53.808847
-1.545021 53.808508

-1.545021 53.808508
-1.544440 53.808147

-1.544440 53.808147
-1.543765 53.807727

-1.543765 53.807727
-1.543668 53.807688

-1.543668 53.807688
-1.543526 53.807783

-1.543526 53.807783
-1.543349 53.807874

-1.543349 53.807874
-1.543100 53.808244

-1.546358 53.810836
-1.546187 53.810797

-1.546187 53.810797
-1.544744 53.810469

-1.544744 53.810469
-1.544616 53.810440

-1.544616 53.810440
-1.544571 53.810430

-1.544571 53.810430
-1.544180 53.810332

-1.544180 53.810332
-1.543885 53.810242

-1.543885 53.810242
-1.543679 53.810164

-1.543679 53.810164
-1.543569 53.810124

-1.543569 53.810124
-1.543300 53.810002

-1.543300 53.810002
-1.543125 53.809929

-1.543125 53.809929
-1.543100 53.809916

-1.556675 53.811000
-1.556492 53.810868

-1.556492 53.810868
-1.556371 53.810710

-1.552235 53.808718
-1.551892 53.808588

-1.551892 53.808588
-1.551728 53.808526

-1.551728 53.808526
-1.551507 53.808440

-1.551507 53.808440
-1.551194 53.808318

-1.551194 53.808318
-1.550932 53.808181

-1.550932 53.808181
-1.550785 53.808087

-1.550785 53.808087
-1.550134 53.807702

-1.550134 53.807702
-1.549779 53.807507

-1.549779 53.807507
-1.549091 53.807105

-1.549091 53.807105
-1.548899 53.806993

-1.554973 53.804638
-1.555337 53.804634

-1.551678 53.803435
-1.550981 53.803435

-1.551764 53.803379
-1.551173 53.803333

-1.551173 53.803333
-1.551430 53.803072

-1.551430 53.803072
-1.551487 53.803078

-1.551487 53.803078
-1.551538 53.803070

-1.551538 53.803070
-1.551617 53.803044

-1.551617 53.803044
-1.551669 53.802999

-1.551669 53.802999
-1.551666 53.802941

-1.551666 53.802941
-1.551618 53.802895

-1.551618 53.802895
-1.551658 53.802836

-1.551658 53.802836
-1.551770 53.802867

-1.551770 53.802867
-1.551770 53.802958

-1.551770 53.802958
-1.551764 53.803379

-1.547049 53.805548
-1.546973 53.805635

-1.546973 53.805635
-1.546914 53.805663

-1.546914 53.805663
-1.546700 53.805679

-1.547049 53.805548
-1.547025 53.805475

-1.547025 53.805475
-1.546996 53.805405

-1.546445 53.805044
-1.546807 53.805089

-1.546807 53.805089
-1.547472 53.805116

-1.545705 53.804801
-1.545841 53.804729

-1.545841 53.804729
-1.546013 53.804549

-1.546013 53.804549
-1.546168 53.804331

-1.546168 53.804331
-1.546361 53.804188

-1.546361 53.804188
-1.546511 53.804129

-1.546511 53.804129
-1.546689 53.804096

-1.546689 53.804096
-1.546951 53.804084

-1.546951 53.804084
-1.547012 53.804081

-1.547012 53.804081
-1.547161 53.804075

-1.546509 53.805402
-1.546532 53.805433

-1.546532 53.805433
-1.546581 53.805493

-1.546581 53.805493
-1.547296 53.805486

-1.547296 53.805486
-1.547427 53.805488

-1.547427 53.805488
-1.547486 53.805561

-1.547486 53.805561
-1.547569 53.805708

-1.547569 53.805708
-1.547664 53.805823

-1.543344 53.804654
-1.543863 53.804769

-1.543863 53.804769
-1.544351 53.804856

-1.544351 53.804856
-1.544875 53.804920

-1.544875 53.804920
-1.545144 53.804934

-1.545144 53.804934
-1.545394 53.804910

-1.545394 53.804910
-1.545558 53.804867

-1.545558 53.804867
-1.545705 53.804801

-1.543100 53.804588
-1.543344 53.804654

-1.545705 53.804801
-1.545799 53.804648

-1.545799 53.804648
-1.545812 53.804497

-1.545812 53.804497
-1.545745 53.804328

-1.547161 53.804075
-1.547486 53.804073

-1.547486 53.804073
-1.547585 53.804084

-1.547585 53.804084
-1.547726 53.804148

-1.547726 53.804148
-1.547937 53.804276

-1.547937 53.804276
-1.548161 53.804374

-1.547951 53.803522
-1.547579 53.803879

-1.547579 53.803879
-1.547521 53.803917

-1.557118 53.807180
-1.556946 53.807167

-1.558469 53.802032
-1.558026 53.802206

-1.558189 53.801899
-1.557792 53.802034

-1.561889 53.801747
-1.562091 53.801709

-1.560797 53.802393
-1.560578 53.802869

-1.559806 53.803263
-1.559979 53.802961

-1.559979 53.802961
-1.560114 53.802777

-1.560346 53.803021
-1.559979 53.802961

-1.559979 53.802961
-1.559606 53.802887

-1.560237 53.803356
-1.560260 53.803293

-1.560260 53.803293
-1.560475 53.803318

-1.560475 53.803318
-1.560550 53.803401

-1.560550 53.803401
-1.560551 53.803496

-1.561494 53.802501
-1.561984 53.802684

-1.561984 53.802684
-1.562561 53.802891

-1.562031 53.801600
-1.562091 53.801709

-1.562091 53.801709
-1.562163 53.801821

-1.562163 53.801821
-1.562196 53.801867

-1.562196 53.801867
-1.562244 53.801901

-1.562244 53.801901
-1.562299 53.801932

-1.562299 53.801932
-1.562357 53.801955

-1.562357 53.801955
-1.562521 53.801994

-1.562521 53.801994
-1.562597 53.802013

-1.562597 53.802013
-1.562560 53.802078

-1.562560 53.802078
-1.561984 53.802684

-1.562618 53.803603
-1.563629 53.802559

-1.543221 53.806449
-1.543100 53.806499

-1.547170 53.807343
-1.547428 53.807457

-1.547428 53.807457
-1.547793 53.807603

-1.547793 53.807603
-1.548076 53.807682

-1.562191 53.804904
-1.561880 53.804948

-1.561880 53.804948
-1.561472 53.804942

-1.561472 53.804942
-1.561058 53.804825

-1.564000 53.803664
-1.563528 53.804129

-1.558039 53.801729
-1.557632 53.801887

-1.558777 53.802597
-1.558469 53.802032

-1.557534 53.802224
-1.557190 53.801962

-1.562770 53.801685
-1.562920 53.801639

-1.561712 53.805406
-1.561481 53.805777

-1.561481 53.805777
-1.561260 53.806163

-1.561260 53.806163
-1.561014 53.806551

-1.564000 53.805960
-1.563695 53.806376

-1.563014 53.806631
-1.561260 53.806163

-1.553937 53.808757
-1.553665 53.808889

-1.553943 53.805571
-1.553569 53.805567

-1.553569 53.805567
-1.553079 53.805562

-1.553079 53.805562
-1.553034 53.805561

-1.553034 53.805561
-1.552468 53.805557

-1.552468 53.805557
-1.552337 53.805556

-1.552337 53.805556
-1.552087 53.805562

-1.552087 53.805562
-1.551930 53.805542

-1.551930 53.805542
-1.551629 53.805543

-1.551629 53.805543
-1.550899 53.805544

-1.550899 53.805544
-1.550794 53.805545

-1.554398 53.805798
-1.553872 53.805794

-1.553872 53.805794
-1.553865 53.805919

-1.553865 53.805919
-1.553854 53.806127

-1.553854 53.806127
-1.553423 53.806108

-1.553423 53.806108
-1.552953 53.806102

-1.554239 53.806216
-1.554106 53.806181

-1.554106 53.806181
-1.553854 53.806127

-1.554388 53.806467
-1.554413 53.806503

-1.554413 53.806503
-1.554493 53.806511

-1.554493 53.806511
-1.554517 53.806599

-1.554517 53.806599
-1.554526 53.806635

-1.554526 53.806635
-1.554564 53.806777

-1.554564 53.806777
-1.554572 53.806852

-1.554572 53.806852
-1.554495 53.806947

-1.554392 53.806263
-1.554388 53.806467

-1.553872 53.805794
-1.553873 53.805676

-1.554209 53.805335
-1.554206 53.805399

-1.556932 53.807216
-1.556946 53.807167

-1.556946 53.807167
-1.556969 53.807132

-1.556969 53.807132
-1.556768 53.807101

-1.556768 53.807101
-1.556318 53.807032

-1.556318 53.807032
-1.555717 53.806940

-1.555717 53.806940
-1.555312 53.806879

-1.555312 53.806879
-1.555269 53.806968

-1.555269 53.806968
-1.555247 53.807015

-1.555247 53.807015
-1.555495 53.807059

-1.555495 53.807059
-1.555548 53.807069

-1.555548 53.807069
-1.555564 53.807037

-1.555564 53.807037
-1.556363 53.807154

-1.556363 53.807154
-1.556820 53.807222

-1.556820 53.807222
-1.556932 53.807216

-1.562491 53.808829
-1.562358 53.809004

-1.562358 53.809004
-1.561235 53.810524

-1.559709 53.808155
-1.559351 53.808156

-1.559842 53.808118
-1.559851 53.808001

-1.556660 53.804777
-1.556556 53.804940

-1.556556 53.804940
-1.556524 53.805093

-1.556524 53.805093
-1.556520 53.805274

-1.556520 53.805274
-1.556749 53.805283

-1.556749 53.805283
-1.556878 53.805312

-1.556878 53.805312
-1.556964 53.805352

-1.556964 53.805352
-1.556974 53.805399

-1.556974 53.805399
-1.556974 53.805440

-1.556974 53.805440
-1.556908 53.805440

-1.556908 53.805440
-1.556906 53.805470

-1.556906 53.805470
-1.557031 53.805466

-1.557031 53.805466
-1.557032 53.805493

-1.557032 53.805493
-1.556906 53.805493

-1.556906 53.805493
-1.556906 53.805513

-1.556906 53.805513
-1.557030 53.805513

-1.557030 53.805513
-1.557031 53.805545

-1.557031 53.805545
-1.556912 53.805570

-1.556912 53.805570
-1.556910 53.805846

-1.556910 53.805846
-1.556966 53.805959

-1.556520 53.805274
-1.556525 53.805385

-1.559286 53.811000
-1.558845 53.810948

-1.558845 53.810948
-1.558775 53.810834

-1.558775 53.810834
-1.558576 53.810719

-1.558576 53.810719
-1.558347 53.810635

-1.551788 53.804364
-1.551997 53.804371

-1.551997 53.804371
-1.552334 53.804409

-1.552334 53.804409
-1.552631 53.804438

-1.552631 53.804438
-1.552999 53.804489

-1.552999 53.804489
-1.553555 53.804566

-1.554397 53.805929
-1.553865 53.805919

-1.558697 53.804358
-1.558919 53.804440

-1.558919 53.804440
-1.558500 53.804845

-1.557903 53.804007
-1.558270 53.804125

-1.559553 53.805815
-1.559611 53.805749

-1.559611 53.805749
-1.559841 53.805456

-1.559841 53.805456
-1.559841 53.805403

-1.559841 53.805403
-1.559823 53.805349

-1.555344 53.804849
-1.555820 53.804851

-1.555820 53.804851
-1.555940 53.804924

-1.555940 53.804924
-1.556001 53.804988

-1.556001 53.804988
-1.556054 53.805110

-1.556054 53.805110
-1.556044 53.805237

-1.556044 53.805237
-1.555985 53.805340

-1.555985 53.805340
-1.555902 53.805410

-1.554977 53.807365
-1.554948 53.807527

-1.554948 53.807527
-1.554711 53.807613

-1.554711 53.807613
-1.554686 53.807622

-1.554686 53.807622
-1.554646 53.807846

-1.554646 53.807846
-1.554574 53.808077

-1.554574 53.808077
-1.554412 53.808180

-1.554412 53.808180
-1.554382 53.808301

-1.554382 53.808301
-1.554195 53.808311

-1.554195 53.808311
-1.554048 53.808346

-1.544894 53.804982
-1.545156 53.804998

-1.545156 53.804998
-1.545911 53.805001

-1.545911 53.805001
-1.546366 53.805027

-1.546366 53.805027
-1.546445 53.805044

-1.547023 53.804126
-1.547172 53.804122

-1.546689 53.804096
-1.546911 53.804022

-1.546911 53.804022
-1.546957 53.804007

-1.546957 53.804007
-1.547114 53.803946

-1.560711 53.807519
-1.560841 53.807654

-1.560841 53.807654
-1.560958 53.807776

-1.560958 53.807776
-1.562129 53.808121

-1.562129 53.808121
-1.561305 53.807243

-1.561305 53.807243
-1.561256 53.807048

-1.561256 53.807048
-1.560817 53.806503

-1.560814 53.807702
-1.560841 53.807654

-1.560841 53.807654
-1.561056 53.807298

-1.557895 53.805266
-1.557764 53.805311

-1.557764 53.805311
-1.557702 53.805317

-1.557702 53.805317
-1.557264 53.805175

-1.557264 53.805175
-1.557226 53.805112

-1.557226 53.805112
-1.557233 53.805028

-1.559072 53.805933
-1.559231 53.805728

-1.558787 53.806541
-1.558996 53.806237

-1.558996 53.806237
-1.559222 53.805984

-1.559222 53.805984
-1.559072 53.805933

-1.548439 53.807395
-1.548453 53.807308

-1.548453 53.807308
-1.548624 53.807147

-1.548624 53.807147
-1.548713 53.807003

-1.548713 53.807003
-1.548736 53.806895

-1.548439 53.807395
-1.548240 53.807560

-1.548240 53.807560
-1.548076 53.807682

-1.548076 53.807682
-1.547992 53.807740

-1.547992 53.807740
-1.547882 53.807792

-1.547882 53.807792
-1.547684 53.807896

-1.547684 53.807896
-1.547409 53.808033

-1.547409 53.808033
-1.547338 53.808072

-1.547338 53.808072
-1.547165 53.808167

-1.547165 53.808167
-1.546959 53.808320

-1.546959 53.808320
-1.546903 53.808355

-1.546903 53.808355
-1.546728 53.808489

-1.546728 53.808489
-1.546454 53.808732

-1.546454 53.808732
-1.546224 53.808937

-1.546224 53.808937
-1.546096 53.809095

-1.549091 53.807105
-1.548943 53.807110

-1.548943 53.807110
-1.548804 53.807132

-1.548804 53.807132
-1.548761 53.807145

-1.560496 53.806488
-1.560663 53.806481

-1.560663 53.806481
-1.560817 53.806503

-1.560817 53.806503
-1.561014 53.806551

-1.561014 53.806551
-1.562725 53.807013

-1.562725 53.807013
-1.563045 53.807087

-1.563045 53.807087
-1.563610 53.807188

-1.563610 53.807188
-1.563728 53.807219

-1.563728 53.807219
-1.564000 53.807231

-1.557987 53.805951
-1.558776 53.806208

-1.558776 53.806208
-1.558829 53.806274

-1.558829 53.806274
-1.558674 53.806515

-1.557904 53.806068
-1.557650 53.806075

-1.557650 53.806075
-1.557455 53.806063

-1.557455 53.806063
-1.557202 53.806003

-1.557202 53.806003
-1.556966 53.805959

-1.548719 53.806869
-1.548524 53.806769

-1.548524 53.806769
-1.548101 53.806512

-1.548101 53.806512
-1.547734 53.806236

-1.547734 53.806236
-1.547572 53.806036

-1.552181 53.807278
-1.552283 53.807293

-1.552283 53.807293
-1.552361 53.807327

-1.552361 53.807327
-1.552419 53.807400

-1.551964 53.807514
-1.552108 53.807492

-1.552108 53.807492
-1.552151 53.807617

-1.552151 53.807617
-1.552200 53.807762

-1.546796 53.803503
-1.547233 53.803758

-1.547233 53.803758
-1.547521 53.803917

-1.547092 53.803908
-1.547120 53.803852

-1.547120 53.803852
-1.547157 53.803819

-1.547157 53.803819
-1.547233 53.803758

-1.547219 53.805908
-1.546905 53.805767

-1.546905 53.805767
-1.546700 53.805679

-1.546700 53.805679
-1.546402 53.805544

-1.546402 53.805544
-1.545978 53.805436

-1.545978 53.805436
-1.545450 53.805381

-1.545450 53.805381
-1.544852 53.805363

-1.544852 53.805363
-1.544298 53.805302

-1.544298 53.805302
-1.543622 53.805194

-1.543100 53.804632
-1.543111 53.804644

-1.543111 53.804644
-1.543361 53.804719

-1.543361 53.804719
-1.543811 53.804814

-1.543811 53.804814
-1.544358 53.804909

-1.544358 53.804909
-1.544894 53.804982

-1.548477 53.806600
-1.548648 53.806659

-1.548648 53.806659
-1.548734 53.806684

-1.547219 53.805908
-1.547093 53.805812

-1.547093 53.805812
-1.547050 53.805732

-1.547050 53.805732
-1.547055 53.805656

-1.547055 53.805656
-1.547049 53.805548

-1.547734 53.806236
-1.547549 53.806113

-1.547549 53.806113
-1.547388 53.806002

-1.547388 53.806002
-1.547219 53.805908

-1.547521 53.803917
-1.547985 53.804223

-1.547985 53.804223
-1.548161 53.804374

-1.547213 53.804565
-1.547114 53.804272

-1.547114 53.804272
-1.546970 53.804171

-1.546970 53.804171
-1.546861 53.804159

-1.546861 53.804159
-1.546691 53.804173

-1.546691 53.804173
-1.546510 53.804219

-1.546510 53.804219
-1.546337 53.804323

-1.546337 53.804323
-1.546224 53.804459

-1.546224 53.804459
-1.546177 53.804587

-1.546177 53.804587
-1.546181 53.804766

-1.546181 53.804766
-1.546224 53.804915

-1.546224 53.804915
-1.546275 53.804977

-1.546275 53.804977
-1.546366 53.805027

-1.554034 53.809306
-1.553964 53.809354

-1.554272 53.809558
-1.553964 53.809354

-1.554369 53.809073
-1.554168 53.809208

-1.554168 53.809208
-1.554076 53.809261

-1.554974 53.809203
-1.554399 53.809494

-1.551804 53.808265
-1.551507 53.808440

-1.561051 53.808331
-1.560900 53.808510

-1.562597 53.802013
-1.562652 53.801951

-1.553221 53.808900
-1.553320 53.808907

-1.553320 53.808907
-1.553385 53.808906

-1.553385 53.808906
-1.553665 53.808889

-1.553221 53.808900
-1.553029 53.808875

-1.553029 53.808875
-1.552986 53.808876

-1.552986 53.808876
-1.552957 53.808886

-1.552957 53.808886
-1.552812 53.808957

-1.554399 53.809494
-1.554272 53.809558

-1.554272 53.809558
-1.554162 53.809613

-1.554076 53.809261
-1.554034 53.809306

-1.554034 53.809306
-1.553988 53.809308

-1.553988 53.809308
-1.553929 53.809314

-1.553929 53.809314
-1.553860 53.809321

-1.553860 53.809321
-1.553803 53.809314

-1.553803 53.809314
-1.553732 53.809297

-1.553732 53.809297
-1.553676 53.809214

-1.548736 53.806895
-1.548719 53.806869

-1.551390 53.809388
-1.551384 53.809427

-1.551384 53.809427
-1.551390 53.809474

-1.551390 53.809474
-1.551408 53.809505

-1.551408 53.809505
-1.551424 53.809537

-1.551424 53.809537
-1.551436 53.809554

-1.551436 53.809554
-1.551447 53.809565

-1.555589 53.801600
-1.555670 53.801625

-1.555670 53.801625
-1.555704 53.801603

-1.548761 53.807145
-1.548718 53.807204

-1.548718 53.807204
-1.548589 53.807329

-1.548589 53.807329
-1.548439 53.807395

-1.548861 53.806970
-1.548823 53.807060

-1.548823 53.807060
-1.548761 53.807145

-1.548864 53.806725
-1.548878 53.806886

-1.548878 53.806886
-1.548861 53.806970

-1.554874 53.810364
-1.555077 53.810408

-1.555077 53.810408
-1.555190 53.810441

-1.555190 53.810441
-1.555293 53.810505

-1.555293 53.810505
-1.555281 53.810527

-1.545553 53.808847
-1.545295 53.809027

-1.545295 53.809027
-1.544974 53.809379

-1.544974 53.809379
-1.545017 53.809454

-1.545017 53.809454
-1.545151 53.809657

-1.545151 53.809657
-1.544853 53.810125

-1.544853 53.810125
-1.544797 53.810216

-1.545151 53.809657
-1.545698 53.809679

-1.545698 53.809679
-1.545800 53.809540

-1.545800 53.809540
-1.545928 53.809487

-1.545928 53.809487
-1.546079 53.809255

-1.545698 53.809679
-1.545582 53.809871

-1.545582 53.809871
-1.545495 53.810015

-1.545582 53.809871
-1.546063 53.809980

-1.546063 53.809980
-1.545897 53.810229

-1.545897 53.810229
-1.545746 53.810431

-1.546218 53.805979
-1.545654 53.806261

-1.545654 53.806261
-1.545485 53.806350

-1.545485 53.806350
-1.545116 53.806428

-1.545116 53.806428
-1.544925 53.806518

-1.544925 53.806518
-1.544764 53.806596

-1.544764 53.806596
-1.544632 53.806713

-1.544632 53.806713
-1.544549 53.806856

-1.544549 53.806856
-1.544481 53.806962

-1.544481 53.806962
-1.544402 53.807106

-1.544402 53.807106
-1.544336 53.807194

-1.544336 53.807194
-1.544253 53.807265

-1.544253 53.807265
-1.543856 53.807537

-1.543856 53.807537
-1.543668 53.807688

-1.546063 53.809980
-1.546113 53.809903

-1.546113 53.809903
-1.546159 53.809828

-1.546159 53.809828
-1.546328 53.809873

-1.546328 53.809873
-1.546475 53.809908

-1.543979 53.810825
-1.543870 53.810806

-1.543870 53.810806
-1.543810 53.810773

-1.543810 53.810773
-1.543315 53.810400

-1.543315 53.810400
-1.543216 53.810320

-1.543216 53.810320
-1.543100 53.810367

-1.552878 53.806731
-1.553372 53.806791

-1.553372 53.806791
-1.553435 53.806799

-1.553435 53.806799
-1.553887 53.806873

-1.553887 53.806873
-1.553941 53.806930

-1.551804 53.808265
-1.551861 53.808459

-1.551861 53.808459
-1.551892 53.808588

-1.544340 53.810150
-1.543888 53.810047

-1.543888 53.810047
-1.543700 53.810005

-1.543700 53.810005
-1.543536 53.809991

-1.543536 53.809991
-1.543441 53.809990

-1.543441 53.809990
-1.543300 53.810002

-1.552935 53.806507
-1.552953 53.806102

-1.552953 53.806102
-1.552944 53.806063

-1.552944 53.806063
-1.552111 53.806011

-1.552111 53.806011
-1.552113 53.806126

-1.552113 53.806126
-1.552285 53.806138

-1.552935 53.806507
-1.550781 53.806324

-1.550781 53.806324
-1.550783 53.805916

-1.550783 53.805916
-1.550794 53.805545

-1.550794 53.805545
-1.550799 53.805342

-1.550799 53.805342
-1.550805 53.805155

-1.550805 53.805155
-1.550817 53.804759

-1.544127 53.802341
-1.545035 53.802547

-1.545035 53.802547
-1.545137 53.802716

-1.544489 53.801964
-1.544335 53.802024

-1.544335 53.802024
-1.544127 53.802341

-1.544127 53.802341
-1.543962 53.802593

-1.543100 53.804049
-1.543357 53.803861

-1.543357 53.803861
-1.544398 53.803303

-1.544398 53.803303
-1.545241 53.802940

-1.548995 53.806534
-1.548938 53.806633

-1.548938 53.806633
-1.548864 53.806725

-1.548864 53.806725
-1.548801 53.806793

-1.548801 53.806793
-1.548719 53.806869

-1.552534 53.808607
-1.552466 53.808622

-1.552466 53.808622
-1.552443 53.808600

-1.552443 53.808600
-1.552326 53.808596

-1.556650 53.810858
-1.556601 53.810885

-1.556601 53.810885
-1.556548 53.810848

-1.556548 53.810848
-1.556492 53.810868

-1.548670 53.806599
-1.548682 53.806619

-1.548682 53.806619
-1.548774 53.806647

-1.548774 53.806647
-1.548807 53.806657

-1.548807 53.806657
-1.548848 53.806623

-1.548848 53.806623
-1.548938 53.806633

-1.548719 53.806869
-1.548734 53.806777

-1.548734 53.806777
-1.548734 53.806684

-1.548734 53.806684
-1.548774 53.806647

-1.548774 53.806647
-1.548873 53.806557

-1.548873 53.806557
-1.549004 53.806497

-1.558002 53.803562
-1.557904 53.803540

-1.557904 53.803540
-1.557778 53.803517

-1.561061 53.804705
-1.561058 53.804825

-1.561058 53.804825
-1.561060 53.804877

-1.561060 53.804877
-1.561040 53.805024

-1.561040 53.805024
-1.560997 53.805118

-1.560997 53.805118
-1.560851 53.805349

-1.560851 53.805349
-1.560714 53.805577

-1.560714 53.805577
-1.560598 53.805777

-1.560598 53.805777
-1.560506 53.805915

-1.560506 53.805915
-1.560441 53.806025

-1.560441 53.806025
-1.560407 53.806112

-1.560407 53.806112
-1.560444 53.806269

-1.560444 53.806269
-1.560480 53.806379

-1.560480 53.806379
-1.560496 53.806488

-1.560496 53.806488
-1.560495 53.806524

-1.560495 53.806524
-1.560461 53.806657

-1.560461 53.806657
-1.560172 53.807106

-1.560172 53.807106
-1.559947 53.807432

-1.559947 53.807432
-1.559726 53.807746

-1.559726 53.807746
-1.559581 53.807937

-1.556018 53.801600
-1.555957 53.801633

-1.555312 53.809981
-1.555169 53.809936

-1.555169 53.809936
-1.554546 53.809735

-1.554546 53.809735
-1.554490 53.809717

-1.554490 53.809717
-1.554275 53.809653

-1.554275 53.809653
-1.554184 53.809624

-1.554184 53.809624
-1.554162 53.809613

-1.554162 53.809613
-1.553787 53.809470

-1.553787 53.809470
-1.553736 53.809450

-1.553736 53.809450
-1.553222 53.809196

-1.553222 53.809196
-1.552933 53.809032

-1.552933 53.809032
-1.552812 53.808957

-1.552812 53.808957
-1.552756 53.808915

-1.548734 53.806684
-1.548864 53.806725

-1.547664 53.805823
-1.547764 53.806007

-1.547764 53.806007
-1.548005 53.806274

-1.548005 53.806274
-1.548268 53.806477

-1.548268 53.806477
-1.548477 53.806600

-1.548477 53.806600
-1.548670 53.806599

-1.548670 53.806599
-1.548873 53.806557

-1.548355 53.810552
-1.548501 53.810705

-1.548253 53.810478
-1.548147 53.810465

-1.548255 53.810594
-1.548042 53.810579

-1.548042 53.810579
-1.548002 53.810592

-1.548002 53.810592
-1.547913 53.810647

-1.547913 53.810647
-1.547857 53.810684

-1.547857 53.810684
-1.547821 53.810697

-1.547821 53.810697
-1.547793 53.810709

-1.548325 53.810555
-1.548308 53.810577

-1.548308 53.810577
-1.548255 53.810594

-1.548836 53.810265
-1.548852 53.810247

-1.548470 53.810412
-1.548525 53.810422

-1.548525 53.810422
-1.548604 53.810437

-1.548604 53.810437
-1.548598 53.810459

-1.548598 53.810459
-1.548580 53.810498

-1.548580 53.810498
-1.548571 53.810530

-1.548571 53.810530
-1.548577 53.810546

-1.548604 53.810437
-1.548632 53.810394

-1.548632 53.810394
-1.548773 53.810411

-1.548773 53.810411
-1.548832 53.810388

-1.548832 53.810388
-1.548851 53.810361

-1.548273 53.810376
-1.548284 53.810404

-1.548284 53.810404
-1.548271 53.810443

-1.548271 53.810443
-1.548253 53.810478

-1.548253 53.810478
-1.548253 53.810494

-1.548253 53.810494
-1.548250 53.810556

-1.548002 53.810592
-1.547973 53.810591

-1.547973 53.810591
-1.547928 53.810591

-1.547928 53.810591
-1.547855 53.810584

-1.547855 53.810584
-1.547695 53.810572

-1.547695 53.810572
-1.547591 53.810612

-1.547591 53.810612
-1.547553 53.810626

-1.547553 53.810626
-1.547537 53.810669

-1.547537 53.810669
-1.547522 53.810715

-1.547522 53.810715
-1.547501 53.810754

-1.548474 53.810706
-1.548472 53.810725

-1.548472 53.810725
-1.548458 53.810741

-1.548458 53.810741
-1.548450 53.810756

-1.548450 53.810756
-1.548449 53.810779

-1.548449 53.810779
-1.548447 53.810788

-1.548232 53.810178
-1.548222 53.810196

-1.548222 53.810196
-1.548214 53.810220

-1.548214 53.810220
-1.548217 53.810285

-1.548225 53.810308
-1.548198 53.810367

-1.548198 53.810367
-1.548273 53.810376

-1.548273 53.810376
-1.548304 53.810380

-1.548304 53.810380
-1.548334 53.810321

-1.548334 53.810321
-1.548225 53.810308

-1.548789 53.810348
-1.548836 53.810265

-1.548836 53.810265
-1.548796 53.810258

-1.548796 53.810258
-1.548689 53.810239

-1.548689 53.810239
-1.548710 53.810184

-1.548403 53.810708
-1.548441 53.810698

-1.548441 53.810698
-1.548474 53.810706

-1.548474 53.810706
-1.548501 53.810705

-1.548501 53.810705
-1.548545 53.810697

-1.548545 53.810697
-1.548580 53.810680

-1.548580 53.810680
-1.548618 53.810670

-1.548618 53.810670
-1.548626 53.810657

-1.548626 53.810657
-1.548612 53.810630

-1.548612 53.810630
-1.548598 53.810596

-1.548598 53.810596
-1.548589 53.810570

-1.548589 53.810570
-1.548577 53.810546

-1.548577 53.810546
-1.548540 53.810536

-1.548540 53.810536
-1.548500 53.810530

-1.548500 53.810530
-1.548461 53.810530

-1.548461 53.810530
-1.548430 53.810531

-1.548430 53.810531
-1.548397 53.810520

-1.548318 53.809701
-1.548357 53.809675

-1.548357 53.809675
-1.548383 53.809629

-1.548403 53.810708
-1.548356 53.810722

-1.548356 53.810722
-1.548307 53.810730

-1.548307 53.810730
-1.548249 53.810732

-1.548249 53.810732
-1.548195 53.810729

-1.547695 53.810572
-1.547708 53.810547

-1.547708 53.810547
-1.547743 53.810543

-1.547743 53.810543
-1.547762 53.810471

-1.547762 53.810471
-1.547838 53.810475

-1.547838 53.810475
-1.547855 53.810416

-1.547855 53.810416
-1.547897 53.810417

-1.547897 53.810417
-1.548002 53.810424

-1.548002 53.810424
-1.547973 53.810591

-1.550641 53.810331
-1.550564 53.810287

-1.550564 53.810287
-1.550496 53.810274

-1.552562 53.810304
-1.552216 53.810201

-1.552495 53.810391
-1.552127 53.810288

-1.548225 53.810308
-1.548217 53.810285

-1.551303 53.809730
-1.551223 53.809706

-1.551223 53.809706
-1.551092 53.809675

-1.551092 53.809675
-1.551009 53.809665

-1.551009 53.809665
-1.550928 53.809679

-1.550928 53.809679
-1.550872 53.809719

-1.550872 53.809719
-1.550840 53.809760

-1.550840 53.809760
-1.550810 53.809797

-1.550810 53.809797
-1.550761 53.809858

-1.550761 53.809858
-1.550719 53.809911

-1.550719 53.809911
-1.550698 53.809936

-1.550698 53.809936
-1.550714 53.809999

-1.550714 53.809999
-1.550719 53.810136

-1.550719 53.810136
-1.550678 53.810252

-1.550678 53.810252
-1.550666 53.810288

-1.550666 53.810288
-1.550641 53.810331

-1.550641 53.810331
-1.550612 53.810383

-1.550612 53.810383
-1.550612 53.810402

-1.550612 53.810402
-1.550612 53.810481

-1.550612 53.810481
-1.550612 53.810728

-1.550612 53.810728
-1.550639 53.810908

-1.550678 53.810252
-1.550849 53.810302

-1.550849 53.810302
-1.551246 53.810429

-1.550639 53.810908
-1.550650 53.810945

-1.550650 53.810945
-1.550738 53.810962

-1.550738 53.810962
-1.550816 53.810978

-1.550816 53.810978
-1.550878 53.810993

-1.551353 53.809673
-1.551245 53.809638

-1.551245 53.809638
-1.551140 53.809605

-1.551140 53.809605
-1.551084 53.809568

-1.551084 53.809568
-1.551065 53.809526

-1.551065 53.809526
-1.551103 53.809472

-1.551103 53.809472
-1.551167 53.809423

-1.551167 53.809423
-1.551261 53.809367

-1.550698 53.809936
-1.550618 53.809920

-1.550998 53.809990
-1.551055 53.809942

-1.551055 53.809942
-1.551103 53.809939

-1.551103 53.809939
-1.551282 53.809754

-1.551282 53.809754
-1.551303 53.809730

-1.551303 53.809730
-1.551327 53.809702

-1.553199 53.810021
-1.553294 53.809900

-1.554091 53.809759
-1.553753 53.809643

-1.551854 53.810590
-1.551921 53.810639

-1.551921 53.810639
-1.551993 53.810668

-1.551993 53.810668
-1.552059 53.810686

-1.552059 53.810686
-1.552093 53.810707

-1.552093 53.810707
-1.552084 53.810728

-1.552084 53.810728
-1.552055 53.810772

-1.552055 53.810772
-1.552014 53.810783

-1.552014 53.810783
-1.551926 53.810768

-1.551926 53.810768
-1.551829 53.810760

-1.552788 53.809917
-1.552880 53.809789

-1.551905 53.811000
-1.551832 53.810975

-1.551832 53.810975
-1.551743 53.810939

-1.553123 53.809850
-1.553025 53.809977

-1.551103 53.809939
-1.551262 53.809995

-1.551262 53.809995
-1.551232 53.810024

-1.553350 53.809407
-1.553282 53.809376

-1.553282 53.809376
-1.553211 53.809348

-1.553211 53.809348
-1.553111 53.809313

-1.553111 53.809313
-1.553222 53.809196

-1.553779 53.810165
-1.553199 53.810021

-1.553199 53.810021
-1.553044 53.809982

-1.553044 53.809982
-1.553025 53.809977

-1.553025 53.809977
-1.552889 53.809941

-1.552889 53.809941
-1.552788 53.809917

-1.552788 53.809917
-1.552760 53.809911

-1.552760 53.809911
-1.552645 53.809903

-1.552645 53.809903
-1.552556 53.809917

-1.552556 53.809917
-1.552487 53.809970

-1.552487 53.809970
-1.552440 53.810011

-1.552440 53.810011
-1.552342 53.810095

-1.552342 53.810095
-1.552295 53.810134

-1.552295 53.810134
-1.552216 53.810201

-1.552216 53.810201
-1.552127 53.810288

-1.552127 53.810288
-1.552108 53.810307

-1.552108 53.810307
-1.551972 53.810449

-1.551972 53.810449
-1.551854 53.810590

-1.551854 53.810590
-1.551781 53.810696

-1.551781 53.810696
-1.551752 53.810803

-1.551752 53.810803
-1.551743 53.810939

-1.551262 53.809995
-1.551569 53.810094

-1.549989 53.810383
-1.550091 53.810201

-1.548692 53.810149
-1.548193 53.810055

-1.548035 53.810499
-1.547972 53.810510

-1.547972 53.810510
-1.547782 53.810495

-1.549129 53.810461
-1.549078 53.810599

-1.549078 53.810599
-1.549044 53.810690

-1.556550 53.810228
-1.556696 53.810151

-1.556696 53.810151
-1.556878 53.810041

-1.556878 53.810041
-1.556379 53.809658

-1.556379 53.809658
-1.556552 53.809551

-1.556552 53.809551
-1.556614 53.809465

-1.543381 53.809382
-1.543362 53.809433

-1.543362 53.809433
-1.543100 53.809556

-1.543724 53.808716
-1.543697 53.808762

-1.543697 53.808762
-1.543716 53.808802

-1.543716 53.808802
-1.543754 53.808834

-1.543754 53.808834
-1.543743 53.808864

-1.543743 53.808864
-1.543710 53.808878

-1.543710 53.808878
-1.543676 53.808892

-1.543676 53.808892
-1.543188 53.809122

-1.543188 53.809122
-1.543107 53.809163

-1.543107 53.809163
-1.543381 53.809382

-1.543381 53.809382
-1.543579 53.809404

-1.543579 53.809404
-1.543456 53.809936

-1.543456 53.809936
-1.543441 53.809990

-1.544164 53.809199
-1.543710 53.808878

-1.546245 53.810697
-1.546187 53.810797

-1.544100 53.809706
-1.544032 53.809751

-1.544032 53.809751
-1.543944 53.809784

-1.543944 53.809784
-1.543937 53.809809

-1.543937 53.809809
-1.543932 53.809829

-1.543932 53.809829
-1.543923 53.809889

-1.543923 53.809889
-1.543888 53.810047

-1.543826 53.808638
-1.543870 53.808616

-1.544855 53.809524
-1.544682 53.809513

-1.544682 53.809513
-1.544765 53.809092

-1.544765 53.809092
-1.544810 53.808892

-1.544810 53.808892
-1.544376 53.808563

-1.544376 53.808563
-1.544472 53.808526

-1.544472 53.808526
-1.544379 53.808466

-1.544159 53.809370
-1.544244 53.809339

-1.544244 53.809339
-1.544282 53.809063

-1.543710 53.808878
-1.543638 53.808834

-1.543638 53.808834
-1.543582 53.808788

-1.543582 53.808788
-1.543551 53.808743

-1.544512 53.809941
-1.543937 53.809809

-1.545495 53.810015
-1.545452 53.810095

-1.545452 53.810095
-1.545403 53.810151

-1.545403 53.810151
-1.545357 53.810219

-1.545357 53.810219
-1.545315 53.810267

-1.545315 53.810267
-1.545269 53.810296

-1.545269 53.810296
-1.545226 53.810307

-1.545226 53.810307
-1.545173 53.810300

-1.545173 53.810300
-1.545087 53.810289

-1.545087 53.810289
-1.544993 53.810269

-1.544993 53.810269
-1.544864 53.810238

-1.544864 53.810238
-1.544797 53.810216

-1.544797 53.810216
-1.544657 53.810189

-1.544657 53.810189
-1.544452 53.810160

-1.544452 53.810160
-1.544340 53.810150

-1.544340 53.810150
-1.544512 53.809941

-1.544512 53.809941
-1.544855 53.809524

-1.544855 53.809524
-1.544974 53.809379

-1.544616 53.810440
-1.544639 53.810392

-1.544440 53.808147
-1.544293 53.808244

-1.544293 53.808244
-1.544252 53.808300

-1.544252 53.808300
-1.544252 53.808368

-1.544252 53.808368
-1.544306 53.808408

-1.544306 53.808408
-1.544346 53.808439

-1.544346 53.808439
-1.544379 53.808466

-1.544379 53.808466
-1.544299 53.808505

-1.544299 53.808505
-1.544199 53.808555

-1.544709 53.810289
-1.544797 53.810216

-1.543579 53.809404
-1.543587 53.809314

-1.543587 53.809314
-1.543598 53.809293

-1.543598 53.809293
-1.543644 53.809274

-1.543644 53.809274
-1.543834 53.809192

-1.543834 53.809192
-1.543839 53.809174

-1.543839 53.809174
-1.543759 53.809105

-1.543759 53.809105
-1.543713 53.809098

-1.543713 53.809098
-1.543563 53.809155

-1.543563 53.809155
-1.543547 53.809191

-1.543547 53.809191
-1.543644 53.809274

-1.544639 53.810392
-1.544709 53.810289

-1.552758 53.810319
-1.552617 53.810486

-1.552758 53.810319
-1.552695 53.810304

-1.552695 53.810304
-1.552645 53.810292

-1.552645 53.810292
-1.552610 53.810271

-1.552610 53.810271
-1.552598 53.810250

-1.552598 53.810250
-1.552589 53.810227

-1.552589 53.810227
-1.552545 53.810203

-1.552545 53.810203
-1.552295 53.810134

-1.552151 53.807617
-1.552204 53.807610

-1.552204 53.807610
-1.552237 53.807576

-1.552237 53.807576
-1.552265 53.807525

-1.552265 53.807525
-1.552291 53.807468

-1.552291 53.807468
-1.552313 53.807389

-1.552313 53.807389
-1.552270 53.807348

-1.552270 53.807348
-1.552167 53.807329

-1.552167 53.807329
-1.552030 53.807352

-1.552108 53.807492
-1.552038 53.807380

-1.552038 53.807380
-1.552030 53.807352

-1.552030 53.807352
-1.552007 53.807274

-1.552265 53.807525
-1.552335 53.807540

-1.548773 53.810411
-1.548796 53.810443

-1.548745 53.810571
-1.548675 53.810560

-1.548675 53.810560
-1.548630 53.810552

-1.548630 53.810552
-1.548577 53.810546

-1.548580 53.810680
-1.548614 53.810693

-1.548614 53.810693
-1.548696 53.810704

-1.548626 53.810657
-1.548667 53.810644

-1.548667 53.810644
-1.548705 53.810631

-1.548705 53.810631
-1.548707 53.810612

-1.548707 53.810612
-1.548715 53.810580

-1.548715 53.810580
-1.548745 53.810571

-1.548745 53.810571
-1.548798 53.810574

-1.551592 53.809801
-1.551779 53.809608

-1.557117 53.810411
-1.556784 53.810542

-1.556784 53.810542
-1.556603 53.810611

-1.556603 53.810611
-1.556371 53.810710

-1.545241 53.802940
-1.545463 53.802869

-1.545463 53.802869
-1.545619 53.802799

-1.545619 53.802799
-1.545725 53.802722

-1.545725 53.802722
-1.545866 53.802624

-1.546274 53.803040
-1.546101 53.802854

-1.546101 53.802854
-1.546049 53.802788

-1.546049 53.802788
-1.545866 53.802624

-1.546518 53.803257
-1.546452 53.803199

-1.546452 53.803199
-1.546360 53.803130

-1.546360 53.803130
-1.546274 53.803040

-1.547554 53.802464
-1.547699 53.802564

-1.547699 53.802564
-1.548629 53.802925

-1.548629 53.802925
-1.548734 53.802966

-1.559851 53.808001
-1.559581 53.807937

-1.559948 53.808186
-1.559927 53.808235

-1.559927 53.808235
-1.559892 53.808259

-1.559892 53.808259
-1.559814 53.808269

-1.559814 53.808269
-1.559732 53.808248

-1.559732 53.808248
-1.559694 53.808208

-1.559694 53.808208
-1.559709 53.808155

-1.559709 53.808155
-1.559756 53.808127

-1.559756 53.808127
-1.559842 53.808118

-1.561051 53.808331
-1.559851 53.808001

-1.564000 53.809558
-1.563921 53.809524

-1.563921 53.809524
-1.563186 53.809278

-1.563186 53.809278
-1.562358 53.809004

-1.562358 53.809004
-1.561162 53.808607

-1.561162 53.808607
-1.560900 53.808510

-1.560900 53.808510
-1.560636 53.808411

-1.560636 53.808411
-1.560234 53.808272

-1.560234 53.808272
-1.559948 53.808186

-1.548734 53.802966
-1.547951 53.803522

-1.561828 53.811000
-1.561675 53.810875

-1.561675 53.810875
-1.561455 53.810687

-1.554316 53.805400
-1.554585 53.805090

-1.554177 53.804544
-1.554179 53.804105

-1.554250 53.807300
-1.554067 53.806934

